,NR_ZONA,NR_SECAO,NR_LATITUDE,NR_LONGITUDE,JAIR MESSIAS BOLSONARO,LUIZ IN√ÅCIO LULA DA SILVA,difference,size
0,1,1,-30.042774,-51.218849,108,155,-47,47
1,1,2,-30.040793,-51.225441,89,172,-83,83
2,1,3,-30.046711,-51.223532,149,141,8,8
3,1,4,-30.032504,-51.233706,118,158,-40,40
4,1,6,-30.046258,-51.216557,92,181,-89,89
5,1,7,-30.050176,-51.217377,122,154,-32,32
6,1,8,-30.047808,-51.217554,96,158,-62,62
7,1,9,-30.046258,-51.216557,79,117,-38,38
8,1,10,-30.034433,-51.22714,68,102,-34,34
9,1,11,-30.028104,-51.221859,146,104,42,42
10,1,12,-30.03709,-51.231066,115,180,-65,65
11,1,13,-30.032236,-51.229866,124,161,-37,37
12,1,14,-30.051547,-51.215723,120,127,-7,7
13,1,15,-30.033122,-51.221789,95,174,-79,79
14,1,16,-30.033738,-51.226846,123,156,-33,33
15,1,17,-30.032542,-51.229595,74,74,0,0
16,1,18,-30.028104,-51.221859,128,102,26,26
17,1,19,-30.05405,-51.226393,98,97,1,1
18,1,20,-30.036979,-51.222939,112,177,-65,65
19,1,21,-30.040952,-51.226904,107,157,-50,50
20,1,22,-30.046711,-51.223532,108,174,-66,66
21,1,23,-30.032504,-51.233706,122,175,-53,53
22,1,24,-30.034433,-51.22714,74,89,-15,15
23,1,25,-30.033353,-51.236782,90,106,-16,16
24,1,26,-30.039862,-51.225354,94,201,-107,107
25,1,27,-30.051547,-51.215723,121,126,-5,5
26,1,28,-30.037786,-51.231407,100,120,-20,20
27,1,29,-30.032869,-51.222546,101,135,-34,34
28,1,30,-30.040952,-51.226904,98,166,-68,68
29,1,31,-30.034716,-51.237812,111,188,-77,77
30,1,33,-30.034067,-51.231658,114,155,-41,41
31,1,34,-30.05405,-51.226393,121,142,-21,21
32,1,35,-30.032236,-51.229866,87,99,-12,12
33,1,36,-30.051547,-51.215723,104,143,-39,39
34,1,37,-30.037786,-51.231407,95,136,-41,41
35,1,38,-30.031938,-51.22071,82,81,1,1
36,1,39,-30.040952,-51.226904,86,178,-92,92
37,1,40,-30.059072,-51.221407,121,136,-15,15
38,1,41,-30.032543,-51.22808,78,60,18,18
39,1,42,-30.034067,-51.231658,99,171,-72,72
40,1,43,-30.031011,-51.236292,97,94,3,3
41,1,44,-30.034433,-51.22714,76,83,-7,7
42,1,45,-30.028104,-51.221859,117,112,5,5
43,1,46,-30.031011,-51.236292,111,113,-2,2
44,1,47,-30.028351,-51.231175,83,55,28,28
45,1,48,-30.05405,-51.226393,126,84,42,42
46,1,49,-30.028351,-51.231175,86,63,23,23
47,1,50,-30.032504,-51.233706,122,175,-53,53
48,1,51,-30.031938,-51.22071,63,107,-44,44
49,1,52,-30.037786,-51.231407,84,131,-47,47
50,1,53,-30.032504,-51.233706,106,171,-65,65
51,1,54,-30.027936,-51.252931,121,133,-12,12
52,1,55,-30.01424,-51.259763,138,129,9,9
53,1,56,-30.01424,-51.259763,146,140,6,6
54,1,57,-29.992908,-51.224288,88,154,-66,66
55,1,58,-30.01424,-51.259763,129,142,-13,13
56,1,59,-30.042774,-51.218849,122,143,-21,21
57,1,60,-30.033738,-51.226846,128,158,-30,30
58,1,61,-30.034716,-51.237812,131,179,-48,48
59,1,62,-30.036979,-51.222939,125,170,-45,45
60,1,63,-30.032504,-51.233706,122,155,-33,33
61,1,64,-30.034433,-51.22714,83,77,6,6
62,1,65,-30.040952,-51.226904,89,177,-88,88
63,1,67,-30.046711,-51.223532,132,183,-51,51
64,1,68,-30.050176,-51.217377,138,152,-14,14
65,1,69,-30.032542,-51.229595,72,76,-4,4
66,1,70,-30.059072,-51.221407,119,159,-40,40
67,1,71,-30.03709,-51.231066,103,180,-77,77
68,1,72,-30.05405,-51.226393,105,98,7,7
69,1,73,-30.047808,-51.217554,116,157,-41,41
70,1,74,-30.029177,-51.223123,93,102,-9,9
71,1,75,-30.040952,-51.226904,100,160,-60,60
72,1,76,-30.040793,-51.225441,87,179,-92,92
73,1,77,-30.034067,-51.231658,124,159,-35,35
74,1,78,-30.033353,-51.236782,84,113,-29,29
75,1,79,-30.046258,-51.216557,103,178,-75,75
76,1,80,-30.034067,-51.231658,109,159,-50,50
77,1,82,-30.039862,-51.225354,80,214,-134,134
78,1,84,-30.046711,-51.223532,126,172,-46,46
79,1,85,-30.042774,-51.218849,122,152,-30,30
80,1,86,-30.032236,-51.229866,116,164,-48,48
81,1,87,-30.051547,-51.215723,120,135,-15,15
82,1,88,-30.029177,-51.223123,102,99,3,3
83,1,89,-30.033738,-51.226846,114,159,-45,45
84,1,90,-30.034716,-51.237812,112,177,-65,65
85,1,91,-30.036979,-51.222939,106,184,-78,78
86,1,92,-30.032504,-51.233706,115,169,-54,54
87,1,93,-30.032504,-51.233706,114,166,-52,52
88,1,94,-30.034433,-51.22714,59,100,-41,41
89,1,95,-30.059072,-51.221407,114,146,-32,32
90,1,96,-30.046711,-51.223532,115,178,-63,63
91,1,97,-30.034433,-51.22714,77,84,-7,7
92,1,98,-30.032869,-51.222546,89,146,-57,57
93,1,99,-30.051547,-51.215723,108,138,-30,30
94,1,100,-30.056778,-51.21873,94,86,8,8
95,1,101,-30.051547,-51.215723,136,128,8,8
96,1,102,-30.032236,-51.229866,110,173,-63,63
97,1,103,-30.033122,-51.221789,89,199,-110,110
98,1,104,-30.035204,-51.226581,108,119,-11,11
99,1,105,-30.032542,-51.229595,67,80,-13,13
100,1,106,-30.05405,-51.226393,92,105,-13,13
101,1,107,-30.047808,-51.217554,111,159,-48,48
102,1,109,-30.035674,-51.233628,105,192,-87,87
103,1,110,-30.040952,-51.226904,105,166,-61,61
104,1,111,-30.042774,-51.218849,103,166,-63,63
105,1,112,-30.046258,-51.216557,91,105,-14,14
106,1,113,-30.048329,-51.227279,111,147,-36,36
107,1,114,-30.036979,-51.222939,96,185,-89,89
108,1,115,-30.040793,-51.225441,99,168,-69,69
109,1,116,-30.037786,-51.231407,100,128,-28,28
110,1,117,-30.040952,-51.226904,110,146,-36,36
111,1,118,-30.046711,-51.223532,134,173,-39,39
112,1,119,-30.039862,-51.225354,98,202,-104,104
113,1,120,-30.041686,-51.226958,75,96,-21,21
114,1,121,-30.033738,-51.226846,112,166,-54,54
115,1,122,-30.056778,-51.21873,87,98,-11,11
116,1,123,-30.032504,-51.233706,113,165,-52,52
117,1,124,-30.059072,-51.221407,114,150,-36,36
118,1,125,-30.034716,-51.237812,111,182,-71,71
119,1,126,-30.031011,-51.236292,104,105,-1,1
120,1,127,-30.029177,-51.223123,108,93,15,15
121,1,129,-30.034067,-51.231658,75,174,-99,99
122,1,130,-30.029177,-51.223123,96,108,-12,12
123,1,131,-30.033353,-51.236782,79,106,-27,27
124,1,133,-30.035204,-51.226581,92,119,-27,27
125,1,134,-30.046258,-51.216557,99,178,-79,79
126,1,135,-30.042774,-51.218849,92,162,-70,70
127,1,136,-30.032504,-51.233706,120,167,-47,47
128,1,137,-30.034067,-51.231658,112,155,-43,43
129,1,138,-30.048329,-51.227279,136,138,-2,2
130,1,139,-30.032542,-51.229595,59,80,-21,21
131,1,140,-30.046711,-51.223532,134,167,-33,33
132,1,141,-30.028351,-51.231175,71,84,-13,13
133,1,142,-30.032236,-51.229866,91,92,-1,1
134,1,143,-30.028104,-51.221859,115,127,-12,12
135,1,144,-30.041686,-51.226958,69,107,-38,38
136,1,145,-30.051547,-51.215723,121,131,-10,10
137,1,146,-30.034716,-51.237812,94,179,-85,85
138,1,147,-30.036979,-51.222939,103,187,-84,84
139,1,148,-30.033738,-51.226846,127,164,-37,37
140,1,149,-30.047808,-51.217554,103,158,-55,55
141,1,150,-30.032504,-51.233706,123,157,-34,34
142,1,151,-30.035674,-51.233628,114,179,-65,65
143,1,152,-30.031938,-51.22071,66,113,-47,47
144,1,153,-30.037786,-51.231407,83,152,-69,69
145,1,154,-30.035204,-51.226581,100,124,-24,24
146,1,155,-30.032504,-51.233706,109,183,-74,74
147,1,156,-30.046711,-51.223532,113,181,-68,68
148,1,157,-30.035204,-51.226581,98,126,-28,28
149,1,158,-30.040793,-51.225441,100,171,-71,71
150,1,159,-30.031938,-51.22071,60,112,-52,52
151,1,160,-30.037786,-51.231407,98,146,-48,48
152,1,161,-30.042774,-51.218849,108,149,-41,41
153,1,162,-29.992908,-51.224288,107,138,-31,31
154,1,163,-30.032504,-51.233706,126,181,-55,55
155,1,164,-30.056778,-51.21873,120,120,0,0
156,1,165,-30.051547,-51.215723,112,141,-29,29
157,1,166,-30.032236,-51.229866,120,172,-52,52
158,1,167,-30.051547,-51.215723,120,139,-19,19
159,1,168,-30.059072,-51.221407,130,132,-2,2
160,1,169,-30.048329,-51.227279,129,124,5,5
161,1,171,-30.034716,-51.237812,110,194,-84,84
162,1,172,-30.039862,-51.225354,98,210,-112,112
163,1,173,-30.032542,-51.229595,79,78,1,1
164,1,174,-30.041686,-51.226958,76,109,-33,33
165,1,175,-30.032504,-51.233706,126,171,-45,45
166,1,176,-30.05405,-51.226393,105,96,9,9
167,1,177,-30.032869,-51.222546,81,160,-79,79
168,1,178,-30.036979,-51.222939,112,187,-75,75
169,1,179,-30.033738,-51.226846,134,171,-37,37
170,1,180,-30.031011,-51.236292,94,98,-4,4
171,1,181,-30.032543,-51.22808,74,85,-11,11
172,1,182,-30.028104,-51.221859,143,103,40,40
173,1,183,-30.034067,-51.231658,106,153,-47,47
174,1,184,-30.041686,-51.226958,72,112,-40,40
175,1,185,-30.035204,-51.226581,98,139,-41,41
176,1,186,-30.032504,-51.233706,127,152,-25,25
177,1,187,-30.033122,-51.221789,79,206,-127,127
178,1,188,-30.034067,-51.231658,106,160,-54,54
179,1,189,-30.035204,-51.226581,97,116,-19,19
180,1,190,-30.029177,-51.223123,102,107,-5,5
181,1,191,-30.042774,-51.218849,89,171,-82,82
182,1,192,-30.046711,-51.223532,116,176,-60,60
183,1,194,-30.035674,-51.233628,89,220,-131,131
184,1,195,-30.040793,-51.225441,90,198,-108,108
185,1,196,-30.047808,-51.217554,114,159,-45,45
186,1,197,-30.032236,-51.229866,127,173,-46,46
187,1,199,-30.056778,-51.21873,75,115,-40,40
188,1,200,-30.046258,-51.216557,85,124,-39,39
189,1,201,-30.035204,-51.226581,87,155,-68,68
190,1,202,-30.051547,-51.215723,140,120,20,20
191,1,203,-30.059072,-51.221407,146,152,-6,6
192,1,204,-30.046711,-51.223532,111,200,-89,89
193,1,205,-30.036979,-51.222939,106,189,-83,83
194,1,206,-30.039862,-51.225354,104,206,-102,102
195,1,207,-30.046258,-51.216557,89,121,-32,32
196,1,208,-30.033738,-51.226846,128,178,-50,50
197,1,209,-30.034716,-51.237812,103,202,-99,99
198,1,210,-30.041686,-51.226958,84,106,-22,22
199,1,211,-29.985834,-51.247163,140,142,-2,2
200,1,212,-30.028351,-51.231175,115,167,-52,52
201,1,213,-30.028351,-51.231175,119,157,-38,38
202,1,214,-30.032504,-51.233706,126,184,-58,58
203,1,215,-30.033122,-51.221789,89,196,-107,107
204,1,216,-30.041686,-51.226958,74,122,-48,48
205,1,217,-30.047808,-51.217554,115,171,-56,56
206,1,219,-30.05405,-51.226393,102,97,5,5
207,1,220,-29.985834,-51.247163,154,135,19,19
208,1,221,-30.033738,-51.226846,105,198,-93,93
209,1,222,-30.039862,-51.225354,96,226,-130,130
210,1,224,-30.032543,-51.22808,86,89,-3,3
211,1,225,-30.059072,-51.221407,116,150,-34,34
212,1,226,-30.03709,-51.231066,96,208,-112,112
213,1,227,-30.034433,-51.22714,66,109,-43,43
214,1,228,-30.047808,-51.217554,98,181,-83,83
215,1,229,-30.039862,-51.225354,99,206,-107,107
216,1,230,-30.028351,-51.231175,70,97,-27,27
217,1,231,-29.992908,-51.224288,89,145,-56,56
218,1,232,-30.027936,-51.252931,123,149,-26,26
219,1,235,-30.01424,-51.259763,151,152,-1,1
220,1,236,-30.056778,-51.21873,111,131,-20,20
221,1,237,-30.033122,-51.221789,88,192,-104,104
222,1,238,-30.032869,-51.222546,74,160,-86,86
223,1,239,-30.032869,-51.222546,90,171,-81,81
224,1,240,-30.050176,-51.217377,121,176,-55,55
225,1,241,-30.031938,-51.22071,73,106,-33,33
226,1,242,-30.036979,-51.222939,101,206,-105,105
227,1,243,-30.048329,-51.227279,124,162,-38,38
228,1,244,-30.033738,-51.226846,113,185,-72,72
229,1,245,-30.059072,-51.221407,134,174,-40,40
230,1,246,-30.053544,-51.219176,134,165,-31,31
231,1,247,-30.03709,-51.231066,84,204,-120,120
232,1,248,-30.040793,-51.225441,93,192,-99,99
233,1,249,-30.048329,-51.227279,109,158,-49,49
234,1,250,-30.033353,-51.236782,92,112,-20,20
235,1,251,-30.053544,-51.219176,120,183,-63,63
236,1,252,-30.046711,-51.223532,118,182,-64,64
237,1,253,-30.048329,-51.227279,127,131,-4,4
238,1,254,-30.046258,-51.216557,87,185,-98,98
239,1,255,-30.039862,-51.225354,103,193,-90,90
240,1,256,-30.041686,-51.226958,60,122,-62,62
241,1,257,-30.059072,-51.221407,136,149,-13,13
242,1,258,-30.053544,-51.219176,125,193,-68,68
243,1,259,-30.027936,-51.252931,133,141,-8,8
244,1,260,-30.048329,-51.227279,113,149,-36,36
245,1,261,-30.047808,-51.217554,113,176,-63,63
246,1,262,-30.059072,-51.221407,119,170,-51,51
247,1,263,-30.034433,-51.22714,64,110,-46,46
248,1,264,-30.03709,-51.231066,86,205,-119,119
249,1,265,-30.036979,-51.222939,92,204,-112,112
250,1,266,-29.992908,-51.224288,99,132,-33,33
251,1,267,-30.02463,-51.213135,114,103,11,11
252,1,268,-30.02463,-51.213135,116,119,-3,3
253,1,269,-30.02463,-51.213135,139,108,31,31
254,1,270,-30.02463,-51.213135,132,99,33,33
255,1,272,-30.02463,-51.213135,125,99,26,26
256,1,273,-30.02463,-51.213135,125,104,21,21
257,1,274,-30.02463,-51.213135,131,105,26,26
258,1,275,-30.02463,-51.213135,128,100,28,28
259,1,276,-30.02463,-51.213135,117,125,-8,8
260,1,283,-30.027558,-51.217142,91,76,15,15
261,1,284,-30.027558,-51.217142,104,55,49,49
262,1,285,-30.027558,-51.217142,76,81,-5,5
263,1,286,-30.027558,-51.217142,69,87,-18,18
264,1,287,-30.027558,-51.217142,80,67,13,13
265,1,288,-30.027558,-51.217142,77,80,-3,3
266,1,289,-30.048007,-51.211211,111,162,-51,51
267,1,290,-30.048007,-51.211211,119,153,-34,34
268,1,291,-30.048007,-51.211211,118,151,-33,33
269,1,292,-30.048007,-51.211211,107,165,-58,58
270,1,293,-30.048007,-51.211211,117,148,-31,31
271,1,294,-30.061313,-51.223707,111,120,-9,9
272,1,295,-30.061313,-51.223707,118,118,0,0
273,1,296,-30.061313,-51.223707,115,135,-20,20
274,1,297,-30.061313,-51.223707,89,144,-55,55
275,1,298,-30.061313,-51.223707,122,113,9,9
276,1,299,-30.061313,-51.223707,118,121,-3,3
277,1,300,-30.061313,-51.223707,114,122,-8,8
278,1,301,-30.061313,-51.223707,126,134,-8,8
279,1,302,-30.061313,-51.223707,126,131,-5,5
280,1,303,-30.061313,-51.223707,105,140,-35,35
281,1,304,-30.061313,-51.223707,108,145,-37,37
282,1,305,-30.061313,-51.223707,131,132,-1,1
283,1,306,-30.062876,-51.227225,120,156,-36,36
284,1,307,-30.062876,-51.227225,129,147,-18,18
285,1,308,-30.062876,-51.227225,136,144,-8,8
286,1,309,-30.062876,-51.227225,144,134,10,10
287,1,310,-30.062876,-51.227225,113,157,-44,44
288,1,311,-30.062876,-51.227225,113,155,-42,42
289,1,312,-30.032542,-51.229595,63,104,-41,41
290,1,313,-30.032236,-51.229866,91,131,-40,40
291,1,314,-30.05405,-51.226393,122,158,-36,36
292,1,315,-30.048329,-51.227279,96,169,-73,73
293,1,316,-30.053544,-51.219176,122,179,-57,57
294,1,318,-30.050176,-51.217377,105,187,-82,82
295,1,319,-30.035204,-51.226581,77,156,-79,79
296,1,320,-30.033738,-51.226846,102,181,-79,79
297,1,321,-30.036979,-51.222939,90,214,-124,124
298,2,1,-30.0343146,-51.2028079,159,145,14,14
299,2,2,-30.0276331,-51.2088642,121,133,-12,12
300,2,4,-30.0443809,-51.2129217,107,186,-79,79
301,2,5,-30.0272931,-51.1974597,172,111,61,61
302,2,7,-30.0321948,-51.2156047,124,174,-50,50
303,2,8,-30.0398623,-51.1985652,135,159,-24,24
304,2,9,-30.0276331,-51.2088642,141,125,16,16
305,2,10,-30.0276331,-51.2088642,153,147,6,6
306,2,11,-30.011588,-51.205565,94,45,49,49
307,2,12,-30.0097101,-51.1985686,165,94,71,71
308,2,13,-30.011588,-51.205565,142,100,42,42
309,2,14,-30.0061767,-51.2021556,167,107,60,60
310,2,15,-30.021389,-51.201139,200,112,88,88
311,2,16,-30.021389,-51.201139,204,107,97,97
312,2,17,-30.0106996,-51.2001389,89,72,17,17
313,2,18,-30.029464,-51.2185986,129,127,2,2
314,2,19,-30.0106996,-51.2001389,86,68,18,18
315,2,21,-30.0377911,-51.2125425,104,154,-50,50
316,2,22,-30.0217316,-51.2085901,169,141,28,28
317,2,23,-30.0106996,-51.2001389,92,67,25,25
318,2,24,-30.029464,-51.2185986,104,144,-40,40
319,2,25,-30.0097101,-51.1985686,152,109,43,43
320,2,27,-30.0338349,-51.2127687,135,170,-35,35
321,2,28,-30.014601,-51.2012432,117,86,31,31
322,2,29,-30.0276331,-51.2088642,143,148,-5,5
323,2,30,-30.0409915,-51.2111959,136,160,-24,24
324,2,31,-30.0423701,-51.2097758,103,115,-12,12
325,2,32,-30.014601,-51.2012432,138,81,57,57
326,2,33,-30.011588,-51.205565,136,91,45,45
327,2,34,-30.0061767,-51.2021556,126,127,-1,1
328,2,35,-30.0106996,-51.2001389,99,65,34,34
329,2,36,-30.044461,-51.2018754,132,142,-10,10
330,2,37,-30.0321948,-51.2156047,103,202,-99,99
331,2,38,-30.0397283,-51.198826,125,174,-49,49
332,2,39,-30.0276331,-51.2088642,127,133,-6,6
333,2,40,-30.0397283,-51.198826,154,160,-6,6
334,2,41,-30.0167441,-51.2062685,130,124,6,6
335,2,42,-30.0217316,-51.2085901,172,118,54,54
336,2,43,-30.0272931,-51.1974597,194,104,90,90
337,2,44,-30.0147844,-51.211255,105,101,4,4
338,2,46,-30.0106996,-51.2001389,98,78,20,20
339,2,47,-30.0418617,-51.2165214,99,108,-9,9
340,2,48,-30.044461,-51.2018754,129,158,-29,29
341,2,49,-30.0336459,-51.1985337,174,108,66,66
342,2,50,-30.0377911,-51.2125425,101,152,-51,51
343,2,51,-30.0321948,-51.2156047,150,152,-2,2
344,2,52,-30.0360664,-51.2003925,150,138,12,12
345,2,54,-30.0423701,-51.2097758,102,130,-28,28
346,2,55,-30.017465,-51.2025627,113,130,-17,17
347,2,58,-30.021951,-51.1980726,188,103,85,85
348,2,59,-30.029464,-51.2185986,128,125,3,3
349,2,61,-30.0061767,-51.2021556,155,115,40,40
350,2,62,-30.0061767,-51.2021556,155,122,33,33
351,2,63,-30.029464,-51.2185986,145,105,40,40
352,2,64,-30.0423701,-51.2097758,123,116,7,7
353,2,68,-30.0338349,-51.2127687,124,202,-78,78
354,2,69,-30.0321948,-51.2156047,109,182,-73,73
355,2,71,-30.0397283,-51.198826,130,189,-59,59
356,2,72,-30.0276331,-51.2088642,149,147,2,2
357,2,73,-30.029464,-51.2185986,100,150,-50,50
358,2,74,-30.0272931,-51.1974597,176,126,50,50
359,2,75,-30.0272931,-51.1974597,199,93,106,106
360,2,78,-30.021389,-51.201139,213,96,117,117
361,2,80,-30.0338349,-51.2127687,110,202,-92,92
362,2,81,-30.0276331,-51.2088642,140,132,8,8
363,2,82,-30.0443809,-51.2129217,115,173,-58,58
364,2,83,-30.0398623,-51.1985652,130,157,-27,27
365,2,84,-30.0343146,-51.2028079,164,147,17,17
366,2,85,-30.0409915,-51.2111959,123,165,-42,42
367,2,86,-30.0336459,-51.1985337,180,121,59,59
368,2,87,-30.021951,-51.1980726,197,107,90,90
369,2,88,-30.0423701,-51.2097758,99,119,-20,20
370,2,89,-30.017465,-51.2025627,146,109,37,37
371,2,90,-30.0397283,-51.198826,149,156,-7,7
372,2,91,-30.0276331,-51.2088642,153,144,9,9
373,2,92,-30.0418617,-51.2165214,110,106,4,4
374,2,93,-30.0377911,-51.2125425,107,164,-57,57
375,2,94,-30.0443809,-51.2129217,117,160,-43,43
376,2,95,-30.0217316,-51.2085901,152,128,24,24
377,2,96,-30.029464,-51.2185986,131,127,4,4
378,2,97,-30.0272931,-51.1974597,183,110,73,73
379,2,99,-30.0423701,-51.2097758,91,141,-50,50
380,2,100,-30.0167441,-51.2062685,130,127,3,3
381,2,101,-30.0276331,-51.2088642,151,102,49,49
382,2,102,-30.029464,-51.2185986,126,142,-16,16
383,2,103,-30.0276331,-51.2088642,143,155,-12,12
384,2,104,-30.014601,-51.2012432,129,84,45,45
385,2,105,-30.0276331,-51.2088642,131,118,13,13
386,2,106,-30.0360664,-51.2003925,134,161,-27,27
387,2,108,-30.021389,-51.201139,217,102,115,115
388,2,109,-30.021389,-51.201139,210,100,110,110
389,2,110,-30.0338349,-51.2127687,128,195,-67,67
390,2,111,-30.0276331,-51.2088642,150,152,-2,2
391,2,112,-30.014601,-51.2012432,124,73,51,51
392,2,114,-30.0443809,-51.2129217,114,176,-62,62
393,2,115,-30.0321948,-51.2156047,116,176,-60,60
394,2,116,-30.0397283,-51.198826,155,156,-1,1
395,2,117,-30.0397283,-51.198826,147,144,3,3
396,2,118,-30.0338349,-51.2127687,123,182,-59,59
397,2,119,-30.0276331,-51.2088642,150,118,32,32
398,2,120,-30.0217316,-51.2085901,173,118,55,55
399,2,121,-30.0398623,-51.1985652,120,178,-58,58
400,2,122,-30.044461,-51.2018754,145,135,10,10
401,2,123,-30.0097101,-51.1985686,149,94,55,55
402,2,124,-30.0272931,-51.1974597,163,121,42,42
403,2,125,-30.0377911,-51.2125425,93,158,-65,65
404,2,126,-30.0423701,-51.2097758,102,111,-9,9
405,2,127,-30.0276331,-51.2088642,140,121,19,19
406,2,128,-30.0443809,-51.2129217,119,172,-53,53
407,2,129,-30.0443809,-51.2129217,123,173,-50,50
408,2,131,-30.0276331,-51.2088642,143,114,29,29
409,2,132,-30.0343146,-51.2028079,154,165,-11,11
410,2,133,-30.029464,-51.2185986,120,138,-18,18
411,2,134,-30.0061767,-51.2021556,142,112,30,30
412,2,135,-30.017465,-51.2025627,139,99,40,40
413,2,137,-30.011588,-51.205565,141,111,30,30
414,2,138,-30.0336459,-51.1985337,172,119,53,53
415,2,139,-30.0397283,-51.198826,154,150,4,4
416,2,140,-30.0409915,-51.2111959,142,152,-10,10
417,2,141,-30.0418617,-51.2165214,79,123,-44,44
418,2,142,-30.0441791,-51.2092609,120,151,-31,31
419,2,143,-30.017465,-51.2025627,143,97,46,46
420,2,144,-30.0443809,-51.2129217,104,197,-93,93
421,2,145,-30.0377911,-51.2125425,112,147,-35,35
422,2,146,-30.029464,-51.2185986,134,127,7,7
423,2,148,-30.0272931,-51.1974597,182,124,58,58
424,2,149,-30.011588,-51.205565,143,96,47,47
425,2,150,-30.021951,-51.1980726,179,107,72,72
426,2,151,-30.0217316,-51.2085901,165,128,37,37
427,2,152,-30.0276331,-51.2088642,161,137,24,24
428,2,153,-30.0423701,-51.2097758,95,133,-38,38
429,2,154,-30.0321948,-51.2156047,100,198,-98,98
430,2,155,-30.0276331,-51.2088642,147,121,26,26
431,2,156,-30.014601,-51.2012432,111,113,-2,2
432,2,157,-30.0097101,-51.1985686,144,120,24,24
433,2,159,-30.0167441,-51.2062685,159,95,64,64
434,2,160,-30.0276331,-51.2088642,147,111,36,36
435,2,161,-30.0106996,-51.2001389,89,92,-3,3
436,2,162,-30.0398623,-51.1985652,139,156,-17,17
437,2,163,-30.0441791,-51.2092609,112,161,-49,49
438,2,164,-30.0423701,-51.2097758,91,140,-49,49
439,2,166,-30.044461,-51.2018754,153,158,-5,5
440,2,167,-30.0430534,-51.1971855,122,144,-22,22
441,2,168,-30.0106996,-51.2001389,84,92,-8,8
442,2,169,-30.029464,-51.2185986,100,163,-63,63
443,2,170,-30.0276331,-51.2088642,128,141,-13,13
444,2,171,-30.0276331,-51.2088642,122,138,-16,16
445,2,172,-30.0441791,-51.2092609,115,151,-36,36
446,2,173,-30.029464,-51.2185986,133,142,-9,9
447,2,174,-30.0276331,-51.2088642,123,126,-3,3
448,2,175,-30.0147844,-51.211255,67,146,-79,79
449,2,176,-30.0343146,-51.2028079,172,157,15,15
450,2,177,-30.014601,-51.2012432,128,110,18,18
451,2,178,-30.0276331,-51.2088642,153,135,18,18
452,2,179,-30.0409915,-51.2111959,140,171,-31,31
453,2,180,-30.021389,-51.201139,203,105,98,98
454,2,182,-30.0430534,-51.1971855,151,154,-3,3
455,2,184,-30.0360664,-51.2003925,162,130,32,32
456,2,185,-30.017465,-51.2025627,156,106,50,50
457,2,186,-30.0106996,-51.2001389,107,72,35,35
458,2,187,-30.0321948,-51.2156047,113,196,-83,83
459,2,188,-30.0272931,-51.1974597,191,114,77,77
460,2,189,-30.0321948,-51.2156047,122,205,-83,83
461,2,190,-30.0276331,-51.2088642,177,91,86,86
462,2,191,-30.0423701,-51.2097758,102,145,-43,43
463,2,192,-30.0418617,-51.2165214,86,127,-41,41
464,2,193,-30.0336459,-51.1985337,203,109,94,94
465,2,194,-30.0321948,-51.2156047,122,190,-68,68
466,2,195,-30.0321948,-51.2156047,120,209,-89,89
467,2,196,-30.0276331,-51.2088642,150,158,-8,8
468,2,199,-30.029464,-51.2185986,131,150,-19,19
469,2,200,-30.0061767,-51.2021556,148,118,30,30
470,2,201,-30.0430534,-51.1971855,138,145,-7,7
471,2,202,-30.0377911,-51.2125425,126,153,-27,27
472,2,203,-30.0321948,-51.2156047,108,210,-102,102
473,2,204,-30.0443809,-51.2129217,121,191,-70,70
474,2,205,-30.0276331,-51.2088642,160,161,-1,1
475,2,206,-30.0398623,-51.1985652,149,155,-6,6
476,2,207,-30.0217316,-51.2085901,165,130,35,35
477,2,208,-30.029464,-51.2185986,115,160,-45,45
478,2,209,-30.0106996,-51.2001389,101,73,28,28
479,2,211,-30.029464,-51.2185986,139,144,-5,5
480,2,213,-30.0097101,-51.1985686,152,124,28,28
481,2,217,-30.021951,-51.1980726,194,108,86,86
482,2,218,-30.0217316,-51.2085901,183,137,46,46
483,2,219,-30.0272931,-51.1974597,196,124,72,72
484,2,220,-30.0430534,-51.1971855,147,165,-18,18
485,2,221,-30.0441791,-51.2092609,119,174,-55,55
486,2,222,-30.0423701,-51.2097758,115,125,-10,10
487,2,223,-30.044461,-51.2018754,159,160,-1,1
488,2,224,-30.0409915,-51.2111959,138,180,-42,42
489,2,225,-30.0167441,-51.2062685,153,121,32,32
490,2,226,-30.021389,-51.201139,214,100,114,114
491,2,227,-30.029464,-51.2185986,135,144,-9,9
492,2,228,-30.0423701,-51.2097758,90,169,-79,79
493,2,229,-30.0360664,-51.2003925,148,156,-8,8
494,2,230,-30.0338349,-51.2127687,130,198,-68,68
495,2,231,-30.0398623,-51.1985652,113,188,-75,75
496,2,232,-30.021389,-51.201139,192,116,76,76
497,2,233,-30.014601,-51.2012432,133,117,16,16
498,2,234,-30.0167441,-51.2062685,130,117,13,13
499,2,235,-30.0217316,-51.2085901,145,160,-15,15
500,2,236,-30.017465,-51.2025627,131,132,-1,1
501,2,237,-30.029464,-51.2185986,100,166,-66,66
502,2,238,-30.029464,-51.2185986,138,130,8,8
503,2,239,-30.0336459,-51.1985337,160,130,30,30
504,2,240,-30.0276331,-51.2088642,146,139,7,7
505,2,241,-30.0272931,-51.1974597,172,143,29,29
506,2,242,-30.0338349,-51.2127687,121,197,-76,76
507,2,243,-30.0377911,-51.2125425,83,181,-98,98
508,2,244,-30.0430534,-51.1971855,142,158,-16,16
509,2,245,-30.044461,-51.2018754,156,147,9,9
510,2,246,-30.0443809,-51.2129217,125,167,-42,42
511,2,247,-30.0443809,-51.2129217,122,170,-48,48
512,2,248,-30.0423701,-51.2097758,90,149,-59,59
513,2,249,-30.0398623,-51.1985652,111,176,-65,65
514,2,250,-30.0276331,-51.2088642,135,132,3,3
515,2,251,-30.029464,-51.2185986,95,179,-84,84
516,2,252,-30.0443809,-51.2129217,119,189,-70,70
517,2,253,-30.0397283,-51.198826,136,191,-55,55
518,2,254,-30.029464,-51.2185986,117,155,-38,38
519,2,255,-30.021389,-51.201139,198,107,91,91
520,2,256,-30.0338349,-51.2127687,123,214,-91,91
521,2,257,-30.0443809,-51.2129217,96,210,-114,114
522,2,258,-30.0360664,-51.2003925,141,151,-10,10
523,2,259,-30.0443809,-51.2129217,112,186,-74,74
524,2,260,-30.0028168,-51.2025661,155,104,51,51
525,2,261,-30.0028168,-51.2025661,138,121,17,17
526,2,262,-30.0028168,-51.2025661,144,128,16,16
527,2,263,-29.9995607,-51.2031864,112,100,12,12
528,2,264,-29.9995607,-51.2031864,73,50,23,23
529,2,265,-29.9995607,-51.2031864,67,63,4,4
530,2,266,-29.9995607,-51.2031864,69,74,-5,5
531,2,268,-30.0014594,-51.2004617,104,97,7,7
532,2,269,-30.0014594,-51.2004617,110,85,25,25
533,2,270,-30.0014594,-51.2004617,119,99,20,20
534,2,271,-30.0014594,-51.2004617,115,102,13,13
535,2,272,-30.0014594,-51.2004617,109,93,16,16
536,2,273,-30.0004798,-51.1908888,124,80,44,44
537,2,274,-30.0004798,-51.1908888,106,85,21,21
538,2,275,-30.0004798,-51.1908888,106,80,26,26
539,2,276,-30.0004798,-51.1908888,118,79,39,39
540,2,277,-30.0004798,-51.1908888,107,69,38,38
541,2,278,-30.0004798,-51.1908888,90,85,5,5
542,2,279,-30.0004798,-51.1908888,102,71,31,31
543,2,280,-30.0004798,-51.1908888,113,80,33,33
544,2,281,-30.0004798,-51.1908888,115,86,29,29
545,2,282,-30.0171317,-51.1930571,180,114,66,66
546,2,283,-30.0171317,-51.1930571,186,125,61,61
547,2,284,-30.0171317,-51.1930571,194,108,86,86
548,2,285,-30.0171317,-51.1930571,180,128,52,52
549,2,286,-30.0171317,-51.1930571,170,144,26,26
550,2,287,-30.0187758,-51.1962092,189,110,79,79
551,2,288,-30.0187758,-51.1962092,169,118,51,51
552,2,289,-30.0187758,-51.1962092,159,129,30,30
553,2,290,-30.0187758,-51.1962092,181,123,58,58
554,2,291,-30.0187758,-51.1962092,162,134,28,28
555,2,292,-30.0187758,-51.1962092,168,141,27,27
556,2,293,-30.0336459,-51.1985337,194,106,88,88
557,2,294,-30.0336459,-51.1985337,171,112,59,59
558,2,295,-30.0336459,-51.1985337,187,100,87,87
559,2,296,-30.0336459,-51.1985337,207,101,106,106
560,2,297,-30.0336459,-51.1985337,190,111,79,79
561,2,298,-30.0336459,-51.1985337,195,101,94,94
562,2,299,-30.0336459,-51.1985337,192,106,86,86
563,2,300,-30.0336459,-51.1985337,194,103,91,91
564,2,301,-30.0336459,-51.1985337,194,112,82,82
565,2,302,-30.0336459,-51.1985337,191,90,101,101
566,2,303,-30.0336459,-51.1985337,196,108,88,88
567,2,304,-30.0336459,-51.1985337,201,113,88,88
568,2,305,-30.0336459,-51.1985337,202,107,95,95
569,2,306,-30.0336459,-51.1985337,184,119,65,65
570,2,307,-30.04292,-51.183765,124,104,20,20
571,2,308,-30.04292,-51.183765,148,88,60,60
572,2,309,-30.04292,-51.183765,128,106,22,22
573,2,310,-30.04292,-51.183765,133,110,23,23
574,2,311,-30.04292,-51.183765,134,90,44,44
575,2,312,-30.04292,-51.183765,149,89,60,60
576,2,313,-30.04292,-51.183765,120,99,21,21
577,2,314,-30.04292,-51.183765,110,130,-20,20
578,2,315,-30.0531348,-51.2040736,107,134,-27,27
579,2,316,-30.0531348,-51.2040736,103,131,-28,28
580,2,317,-30.0531348,-51.2040736,103,140,-37,37
581,2,318,-30.0531348,-51.2040736,101,145,-44,44
582,2,319,-30.0531348,-51.2040736,103,134,-31,31
583,2,320,-30.0531348,-51.2040736,114,134,-20,20
584,2,321,-30.0531348,-51.2040736,110,127,-17,17
585,2,322,-30.0531348,-51.2040736,122,134,-12,12
586,2,323,-30.0531348,-51.2040736,121,139,-18,18
587,2,324,-30.0569357,-51.206675,110,151,-41,41
588,2,325,-30.0569357,-51.206675,119,152,-33,33
589,2,326,-30.0569357,-51.206675,104,159,-55,55
590,2,327,-30.0569357,-51.206675,92,139,-47,47
591,2,328,-30.0569357,-51.206675,89,155,-66,66
592,2,329,-30.0569357,-51.206675,110,141,-31,31
593,2,330,-30.0569357,-51.206675,103,147,-44,44
594,2,331,-30.0569357,-51.206675,111,155,-44,44
595,2,332,-30.0509152,-51.2002201,145,168,-23,23
596,2,333,-30.0509152,-51.2002201,148,134,14,14
597,2,334,-30.0509152,-51.2002201,142,155,-13,13
598,2,335,-30.0509152,-51.2002201,139,167,-28,28
599,2,336,-30.0509152,-51.2002201,141,146,-5,5
600,2,337,-30.0509152,-51.2002201,143,158,-15,15
601,2,338,-30.0509152,-51.2002201,150,150,0,0
602,2,339,-30.0509152,-51.2002201,143,150,-7,7
603,2,340,-30.0509152,-51.2002201,138,183,-45,45
604,2,341,-30.0509152,-51.2002201,135,191,-56,56
605,2,342,-30.0509152,-51.2002201,145,161,-16,16
606,2,343,-30.0651105,-51.2104895,99,144,-45,45
607,2,344,-30.0651105,-51.2104895,99,137,-38,38
608,2,345,-30.0651105,-51.2104895,111,136,-25,25
609,2,346,-30.0651105,-51.2104895,107,121,-14,14
610,2,347,-30.0651105,-51.2104895,109,147,-38,38
611,2,348,-30.0651105,-51.2104895,117,135,-18,18
612,2,349,-30.0651105,-51.2104895,100,145,-45,45
613,2,350,-30.0651105,-51.2104895,120,145,-25,25
614,2,351,-30.0651105,-51.2104895,132,141,-9,9
615,2,352,-30.0651105,-51.2104895,107,154,-47,47
616,2,353,-30.0651105,-51.2104895,111,129,-18,18
617,2,354,-30.0651105,-51.2104895,112,154,-42,42
618,2,355,-30.015689,-51.1922901,161,67,94,94
619,2,356,-30.015689,-51.1922901,142,76,66,66
620,2,357,-30.015689,-51.1922901,132,83,49,49
621,2,358,-30.015689,-51.1922901,156,95,61,61
622,2,359,-30.04292,-51.183765,120,133,-13,13
623,2,360,-30.0336459,-51.1985337,177,130,47,47
624,2,361,-30.017465,-51.2025627,124,131,-7,7
625,2,362,-30.015689,-51.1922901,140,98,42,42
626,2,363,-30.0509152,-51.2002201,131,179,-48,48
627,2,364,-30.0397283,-51.198826,127,174,-47,47
628,2,365,-30.0336459,-51.1985337,172,134,38,38
629,2,366,-30.0651105,-51.2104895,117,144,-27,27
630,2,367,-30.021389,-51.201139,194,122,72,72
631,2,368,-30.0217316,-51.2085901,154,152,2,2
632,2,369,-30.0443809,-51.2129217,95,197,-102,102
633,2,370,-30.0397283,-51.198826,132,217,-85,85
634,2,371,-30.029464,-51.2185986,109,147,-38,38
635,2,372,-30.0377911,-51.2125425,75,214,-139,139
636,2,373,-30.0509152,-51.2002201,125,200,-75,75
637,2,374,-30.0272931,-51.1974597,164,173,-9,9
638,2,375,-30.0336459,-51.1985337,172,132,40,40
639,2,376,-30.04292,-51.183765,107,156,-49,49
640,2,377,-30.0187758,-51.1962092,174,151,23,23
641,2,378,-30.0167441,-51.2062685,120,144,-24,24
642,2,379,-30.029464,-51.2185986,91,178,-87,87
643,2,380,-30.0360664,-51.2003925,160,163,-3,3
644,2,381,-30.0398623,-51.1985652,126,204,-78,78
645,2,383,-30.0343146,-51.2028079,111,252,-141,141
646,2,384,-30.0430534,-51.1971855,78,258,-180,180
647,2,385,-30.021951,-51.1980726,166,182,-16,16
648,2,386,-30.0443809,-51.2129217,63,253,-190,190
649,2,387,-30.0429879,-51.1875649,44,78,-34,34
650,2,388,-30.0296188,-51.1950416,113,115,-2,2
651,111,1,-30.008467,-51.185895,128,164,-36,36
652,111,2,-30.03803,-51.173742,161,93,68,68
653,111,3,-30.008467,-51.185895,169,140,29,29
654,111,4,-30.035903,-51.182442,192,104,88,88
655,111,6,-30.069984,-51.173954,106,167,-61,61
656,111,7,-30.014451,-51.178248,133,103,30,30
657,111,8,-30.035903,-51.182442,202,110,92,92
658,111,9,-30.01191,-51.180525,173,109,64,64
659,111,10,-29.980075,-51.186703,118,168,-50,50
660,111,11,-30.07268,-51.172957,119,165,-46,46
661,111,12,-30.009341,-51.188624,208,124,84,84
662,111,13,-30.016036,-51.174915,125,143,-18,18
663,111,14,-30.024245,-51.191542,166,113,53,53
664,111,15,-29.980075,-51.186703,117,160,-43,43
665,111,16,-30.024245,-51.191542,163,115,48,48
666,111,17,-30.019968,-51.18624,200,101,99,99
667,111,18,-30.03803,-51.173742,144,91,53,53
668,111,19,-29.993566,-51.192698,113,177,-64,64
669,111,20,-30.028442,-51.176636,209,101,108,108
670,111,21,-30.024245,-51.191542,157,104,53,53
671,111,23,-30.014451,-51.178248,128,89,39,39
672,111,25,-30.02404,-51.175209,174,119,55,55
673,111,26,-30.028442,-51.176636,213,108,105,105
674,111,27,-30.005239,-51.173971,131,78,53,53
675,111,28,-30.010322,-51.174005,131,126,5,5
676,111,29,-30.0128,-51.176586,123,150,-27,27
677,111,30,-29.980086,-51.186704,167,146,21,21
678,111,33,-29.993894,-51.198443,125,161,-36,36
679,111,34,-30.016036,-51.174915,132,139,-7,7
680,111,36,-30.01191,-51.180525,174,122,52,52
681,111,37,-30.010461,-51.169555,176,105,71,71
682,111,38,-30.005239,-51.173971,130,85,45,45
683,111,39,-29.993566,-51.192698,110,173,-63,63
684,111,40,-30.01191,-51.180525,164,127,37,37
685,111,41,-30.010322,-51.174005,139,128,11,11
686,111,42,-30.010461,-51.169555,158,121,37,37
687,111,43,-29.993894,-51.198443,118,161,-43,43
688,111,45,-30.010461,-51.169555,157,128,29,29
689,111,46,-30.026424,-51.184758,199,117,82,82
690,111,48,-29.9770454,-51.1742443,84,78,6,6
691,111,55,-30.03803,-51.173742,148,92,56,56
692,111,56,-30.07268,-51.172957,132,154,-22,22
693,111,57,-30.024245,-51.191542,148,130,18,18
694,111,58,-30.069984,-51.173954,125,138,-13,13
695,111,60,-30.008467,-51.185895,174,109,65,65
696,111,61,-30.024245,-51.191542,175,104,71,71
697,111,63,-30.005239,-51.173971,112,95,17,17
698,111,64,-30.019968,-51.18624,205,95,110,110
699,111,65,-29.980086,-51.186704,135,160,-25,25
700,111,66,-30.01191,-51.180525,175,111,64,64
701,111,68,-30.010461,-51.169555,162,120,42,42
702,111,69,-30.016036,-51.174915,161,121,40,40
703,111,71,-30.028442,-51.176636,222,103,119,119
704,111,72,-30.01191,-51.180525,190,120,70,70
705,111,73,-30.010322,-51.174005,147,139,8,8
706,111,74,-30.035903,-51.182442,205,97,108,108
707,111,75,-30.03803,-51.173742,171,80,91,91
708,111,76,-30.02404,-51.175209,180,124,56,56
709,111,77,-30.009341,-51.188624,179,113,66,66
710,111,78,-30.026424,-51.184758,180,127,53,53
711,111,79,-30.03803,-51.173742,145,95,50,50
712,111,80,-30.035903,-51.182442,196,92,104,104
713,111,81,-30.024245,-51.191542,167,104,63,63
714,111,82,-29.980075,-51.186703,136,160,-24,24
715,111,83,-30.010461,-51.169555,169,113,56,56
716,111,84,-30.024245,-51.191542,171,111,60,60
717,111,86,-30.028442,-51.176636,224,101,123,123
718,111,88,-30.008467,-51.185895,180,125,55,55
719,111,89,-30.010322,-51.174005,155,128,27,27
720,111,93,-30.024245,-51.191542,164,118,46,46
721,111,95,-29.980086,-51.186704,154,146,8,8
722,111,96,-30.019968,-51.18624,182,116,66,66
723,111,97,-30.014451,-51.178248,114,96,18,18
724,111,98,-30.07268,-51.172957,120,164,-44,44
725,111,99,-30.005239,-51.173971,111,98,13,13
726,111,102,-30.069984,-51.173954,107,176,-69,69
727,111,103,-30.024245,-51.191542,176,103,73,73
728,111,104,-30.035903,-51.182442,200,92,108,108
729,111,105,-30.0128,-51.176586,140,150,-10,10
730,111,106,-30.01191,-51.180525,161,136,25,25
731,111,108,-30.010461,-51.169555,164,125,39,39
732,111,109,-30.01191,-51.180525,177,115,62,62
733,111,112,-30.028131,-51.183895,173,102,71,71
734,111,113,-30.028442,-51.176636,189,101,88,88
735,111,114,-30.02404,-51.175209,188,120,68,68
736,111,115,-30.07268,-51.172957,133,161,-28,28
737,111,116,-30.01191,-51.180525,159,115,44,44
738,111,117,-30.03803,-51.173742,167,78,89,89
739,111,119,-30.035903,-51.182442,197,119,78,78
740,111,120,-29.980075,-51.186703,121,153,-32,32
741,111,121,-30.009341,-51.188624,175,107,68,68
742,111,122,-30.016036,-51.174915,127,130,-3,3
743,111,123,-30.024245,-51.191542,178,117,61,61
744,111,124,-29.993894,-51.198443,130,161,-31,31
745,111,125,-29.993894,-51.198443,111,164,-53,53
746,111,126,-30.008467,-51.185895,164,127,37,37
747,111,127,-30.025188,-51.18858,142,82,60,60
748,111,128,-30.010322,-51.174005,130,132,-2,2
749,111,130,-30.019968,-51.18624,179,117,62,62
750,111,132,-30.025188,-51.18858,144,81,63,63
751,111,133,-30.010461,-51.169555,155,124,31,31
752,111,135,-30.035903,-51.182442,194,94,100,100
753,111,137,-30.028442,-51.176636,191,107,84,84
754,111,139,-29.980075,-51.186703,114,155,-41,41
755,111,140,-30.07268,-51.172957,126,151,-25,25
756,111,145,-30.028131,-51.183895,175,109,66,66
757,111,146,-30.01191,-51.180525,197,101,96,96
758,111,147,-30.016036,-51.174915,137,141,-4,4
759,111,148,-30.010461,-51.169555,151,138,13,13
760,111,149,-30.028442,-51.176636,197,110,87,87
761,111,151,-29.993566,-51.192698,120,180,-60,60
762,111,152,-30.019968,-51.18624,170,124,46,46
763,111,153,-30.010461,-51.169555,175,132,43,43
764,111,154,-30.016036,-51.174915,158,127,31,31
765,111,157,-30.008467,-51.185895,175,106,69,69
766,111,158,-30.07268,-51.172957,106,148,-42,42
767,111,160,-30.028442,-51.176636,229,88,141,141
768,111,161,-30.005239,-51.173971,114,97,17,17
769,111,162,-30.014451,-51.178248,144,99,45,45
770,111,163,-30.025188,-51.18858,131,88,43,43
771,111,164,-30.01191,-51.180525,171,127,44,44
772,111,165,-30.069984,-51.173954,107,167,-60,60
773,111,166,-30.010322,-51.174005,139,149,-10,10
774,111,167,-29.9770454,-51.1742443,87,87,0,0
775,111,168,-30.025188,-51.18858,127,86,41,41
776,111,169,-30.035903,-51.182442,182,105,77,77
777,111,170,-30.009341,-51.188624,187,111,76,76
778,111,171,-30.005239,-51.173971,116,113,3,3
779,111,172,-30.03803,-51.173742,173,73,100,100
780,111,173,-30.035903,-51.182442,201,93,108,108
781,111,174,-30.01191,-51.180525,197,105,92,92
782,111,175,-30.040809,-51.181703,146,118,28,28
783,111,176,-30.07268,-51.172957,112,161,-49,49
784,111,177,-30.025188,-51.18858,152,79,73,73
785,111,180,-30.040809,-51.181703,150,119,31,31
786,111,181,-29.993566,-51.192698,111,166,-55,55
787,111,182,-30.010322,-51.174005,138,133,5,5
788,111,183,-30.0128,-51.176586,154,147,7,7
789,111,184,-30.010461,-51.169555,166,128,38,38
790,111,185,-30.019968,-51.18624,185,120,65,65
791,111,186,-30.028131,-51.183895,191,82,109,109
792,111,188,-30.025188,-51.18858,136,86,50,50
793,111,189,-30.07268,-51.172957,112,171,-59,59
794,111,190,-30.008467,-51.185895,180,124,56,56
795,111,191,-30.010461,-51.169555,167,111,56,56
796,111,192,-30.01191,-51.180525,196,109,87,87
797,111,193,-30.028442,-51.176636,182,108,74,74
798,111,194,-30.028442,-51.176636,200,131,69,69
799,111,195,-29.980075,-51.186703,131,184,-53,53
800,111,196,-29.980075,-51.186703,138,166,-28,28
801,111,197,-30.016036,-51.174915,150,134,16,16
802,111,198,-30.028442,-51.176636,218,118,100,100
803,111,199,-29.993894,-51.198443,121,182,-61,61
804,111,201,-30.069984,-51.173954,120,178,-58,58
805,111,202,-30.040809,-51.181703,154,110,44,44
806,111,204,-30.025188,-51.18858,151,97,54,54
807,111,205,-30.005239,-51.173971,128,103,25,25
808,111,206,-30.040809,-51.181703,159,129,30,30
809,111,207,-30.01191,-51.180525,185,124,61,61
810,111,208,-30.07268,-51.172957,128,185,-57,57
811,111,209,-30.035903,-51.182442,201,107,94,94
812,111,210,-30.009341,-51.188624,192,127,65,65
813,111,211,-30.035903,-51.182442,208,101,107,107
814,111,214,-30.03803,-51.173742,179,85,94,94
815,111,215,-29.993894,-51.198443,114,164,-50,50
816,111,217,-29.980086,-51.186704,141,161,-20,20
817,111,218,-29.980086,-51.186704,145,176,-31,31
818,111,219,-30.02404,-51.175209,202,132,70,70
819,111,220,-30.010322,-51.174005,160,139,21,21
820,111,221,-30.010322,-51.174005,158,147,11,11
821,111,222,-30.014451,-51.178248,136,107,29,29
822,111,223,-30.008467,-51.185895,196,117,79,79
823,111,224,-30.019968,-51.18624,197,122,75,75
824,111,225,-30.025188,-51.18858,148,92,56,56
825,111,226,-30.028442,-51.176636,215,101,114,114
826,111,227,-30.040809,-51.181703,152,132,20,20
827,111,228,-29.980075,-51.186703,133,185,-52,52
828,111,229,-30.025188,-51.18858,149,100,49,49
829,111,230,-30.035903,-51.182442,201,117,84,84
830,111,231,-30.028442,-51.176636,217,101,116,116
831,111,233,-30.028442,-51.176636,212,105,107,107
832,111,234,-29.980086,-51.186704,140,154,-14,14
833,111,235,-30.019968,-51.18624,197,124,73,73
834,111,236,-29.9770454,-51.1742443,77,96,-19,19
835,111,237,-29.980075,-51.186703,111,187,-76,76
836,111,238,-29.980086,-51.186704,153,159,-6,6
837,111,239,-30.008467,-51.185895,173,130,43,43
838,111,240,-30.040809,-51.181703,178,106,72,72
839,111,241,-30.025188,-51.18858,145,89,56,56
840,111,242,-30.024245,-51.191542,161,136,25,25
841,111,243,-30.008467,-51.185895,162,130,32,32
842,111,244,-30.028442,-51.176636,211,120,91,91
843,111,245,-30.019968,-51.18624,169,125,44,44
844,111,246,-30.040809,-51.181703,138,139,-1,1
845,111,247,-30.028442,-51.176636,187,146,41,41
846,111,248,-30.07268,-51.172957,113,177,-64,64
847,111,249,-30.024245,-51.191542,154,126,28,28
848,111,250,-30.019968,-51.18624,168,112,56,56
849,111,251,-30.040809,-51.181703,163,107,56,56
850,111,252,-30.014451,-51.178248,130,110,20,20
851,111,253,-30.036684,-51.184112,141,122,19,19
852,111,254,-29.985255,-51.196635,114,177,-63,63
853,111,255,-29.980086,-51.186704,134,157,-23,23
854,111,256,-30.024245,-51.191542,170,114,56,56
855,111,257,-30.010461,-51.169555,158,146,12,12
856,111,258,-30.028442,-51.176636,197,111,86,86
857,111,260,-30.01191,-51.180525,172,125,47,47
858,111,262,-30.009341,-51.188624,208,139,69,69
859,111,263,-30.025188,-51.18858,150,95,55,55
860,111,264,-30.024245,-51.191542,164,111,53,53
861,111,266,-29.980086,-51.186704,125,170,-45,45
862,111,267,-29.985255,-51.196635,111,166,-55,55
863,111,268,-30.036684,-51.184112,128,115,13,13
864,111,269,-30.02404,-51.175209,169,124,45,45
865,111,270,-29.980075,-51.186703,136,161,-25,25
866,111,272,-30.036684,-51.184112,124,122,2,2
867,111,273,-30.009341,-51.188624,194,136,58,58
868,111,274,-30.0128,-51.176586,126,180,-54,54
869,111,275,-30.025188,-51.18858,121,108,13,13
870,111,276,-30.010322,-51.174005,154,129,25,25
871,111,277,-29.985255,-51.196635,105,194,-89,89
872,111,278,-30.036684,-51.184112,129,116,13,13
873,111,280,-30.028131,-51.183895,181,107,74,74
874,111,282,-30.019968,-51.18624,142,152,-10,10
875,111,283,-29.980075,-51.186703,137,151,-14,14
876,111,284,-30.036684,-51.184112,147,98,49,49
877,111,285,-30.009341,-51.188624,220,132,88,88
878,111,286,-30.02404,-51.175209,160,139,21,21
879,111,287,-30.040809,-51.181703,144,134,10,10
880,111,288,-30.028131,-51.183895,176,107,69,69
881,111,289,-30.03803,-51.173742,152,97,55,55
882,111,290,-30.035686,-51.170987,181,97,84,84
883,111,291,-30.035686,-51.170987,203,88,115,115
884,111,292,-30.035686,-51.170987,199,98,101,101
885,111,293,-30.035686,-51.170987,220,101,119,119
886,111,294,-30.035686,-51.170987,202,115,87,87
887,111,295,-30.035686,-51.170987,203,108,95,95
888,111,296,-30.037546,-51.163499,137,120,17,17
889,111,297,-30.037546,-51.163499,145,113,32,32
890,111,298,-30.037546,-51.163499,161,105,56,56
891,111,299,-30.037546,-51.163499,134,111,23,23
892,111,300,-30.037546,-51.163499,143,118,25,25
893,111,301,-30.037546,-51.163499,159,107,52,52
894,111,302,-30.037546,-51.163499,163,114,49,49
895,111,303,-30.037546,-51.163499,138,129,9,9
896,111,304,-30.037546,-51.163499,138,139,-1,1
897,111,305,-30.037546,-51.163499,161,111,50,50
898,111,306,-30.033833,-51.164535,146,123,23,23
899,111,307,-30.033833,-51.164535,155,132,23,23
900,111,308,-30.033833,-51.164535,137,125,12,12
901,111,309,-30.033833,-51.164535,183,110,73,73
902,111,310,-30.033833,-51.164535,130,138,-8,8
903,111,311,-30.033833,-51.164535,142,137,5,5
904,111,312,-30.033833,-51.164535,132,147,-15,15
905,111,313,-30.033833,-51.164535,174,129,45,45
906,111,314,-30.033833,-51.164535,148,162,-14,14
907,111,315,-30.033833,-51.164535,139,154,-15,15
908,111,316,-30.004295,-51.165017,169,100,69,69
909,111,317,-30.004295,-51.165017,186,109,77,77
910,111,318,-30.004295,-51.165017,190,99,91,91
911,111,319,-30.004295,-51.165017,180,123,57,57
912,111,320,-30.004295,-51.165017,171,125,46,46
913,111,321,-29.998489,-51.159488,115,102,13,13
914,111,322,-29.998489,-51.159488,119,112,7,7
915,111,323,-29.998489,-51.159488,131,108,23,23
916,111,324,-29.998489,-51.159488,139,100,39,39
917,111,325,-30.005235,-51.161207,140,133,7,7
918,111,326,-30.005235,-51.161207,144,144,0,0
919,111,327,-30.005235,-51.161207,146,123,23,23
920,111,328,-30.005235,-51.161207,147,118,29,29
921,111,329,-30.005235,-51.161207,143,125,18,18
922,111,330,-30.005235,-51.161207,142,139,3,3
923,111,331,-30.005235,-51.161207,156,119,37,37
924,111,332,-30.005235,-51.161207,154,130,24,24
925,111,333,-30.005235,-51.161207,149,135,14,14
926,111,334,-30.005235,-51.161207,165,139,26,26
927,111,335,-30.005235,-51.161207,152,162,-10,10
928,111,336,-30.005235,-51.161207,173,137,36,36
929,111,337,-30.019968,-51.18624,161,129,32,32
930,111,338,-29.980075,-51.186703,130,155,-25,25
931,111,339,-30.036684,-51.184112,136,119,17,17
932,111,340,-30.01191,-51.180525,181,134,47,47
933,111,341,-30.02404,-51.175209,171,143,28,28
934,111,342,-29.985255,-51.196635,113,172,-59,59
935,111,343,-29.980075,-51.186703,158,157,1,1
936,111,344,-29.980075,-51.186703,117,160,-43,43
937,111,345,-29.985255,-51.196635,106,185,-79,79
938,111,346,-29.980086,-51.186704,126,163,-37,37
939,111,347,-30.019968,-51.18624,171,154,17,17
940,111,348,-30.028442,-51.176636,187,161,26,26
941,111,349,-29.9878979,-51.1649524,74,61,13,13
942,112,1,-30.003276,-51.152478,201,89,112,112
943,112,4,-30.011266,-51.15497,165,101,64,64
944,112,5,-30.02263,-51.152963,108,132,-24,24
945,112,6,-30.014701,-51.148877,182,105,77,77
946,112,8,-30.012456,-51.155943,136,123,13,13
947,112,9,-30.002397,-51.142362,163,85,78,78
948,112,13,-30.011266,-51.15497,162,118,44,44
949,112,14,-30.024153,-51.146796,153,118,35,35
950,112,17,-30.012209,-51.130891,166,91,75,75
951,112,18,-30.024153,-51.146796,177,91,86,86
952,112,19,-30.019889,-51.141365,155,113,42,42
953,112,22,-30.014701,-51.148877,194,100,94,94
954,112,26,-30.012456,-51.155943,140,120,20,20
955,112,28,-30.011832,-51.153151,154,142,12,12
956,112,31,-30.029804,-51.150946,97,164,-67,67
957,112,32,-30.01343,-51.1474,156,121,35,35
958,112,34,-30.011266,-51.15497,165,120,45,45
959,112,36,-30.029804,-51.150946,122,146,-24,24
960,112,38,-30.003241,-51.148742,167,117,50,50
961,112,39,-30.037006,-51.14395,145,148,-3,3
962,112,41,-30.024153,-51.146796,161,114,47,47
963,112,43,-30.031271,-51.141932,129,131,-2,2
964,112,47,-30.011266,-51.15497,182,111,71,71
965,112,50,-30.043669,-51.142421,121,133,-12,12
966,112,53,-30.011266,-51.15497,146,125,21,21
967,112,56,-30.012456,-51.155943,153,120,33,33
968,112,57,-30.024153,-51.146796,158,108,50,50
969,112,59,-30.011266,-51.15497,167,124,43,43
970,112,70,-30.014701,-51.148877,188,107,81,81
971,112,73,-30.031271,-51.141932,143,136,7,7
972,112,74,-30.02263,-51.152963,105,144,-39,39
973,112,76,-30.029804,-51.150946,106,162,-56,56
974,112,77,-30.002397,-51.142362,155,98,57,57
975,112,78,-30.01343,-51.1474,152,130,22,22
976,112,82,-30.019889,-51.141365,157,125,32,32
977,112,84,-30.043669,-51.142421,129,124,5,5
978,112,88,-30.003276,-51.152478,231,78,153,153
979,112,89,-30.003241,-51.148742,168,111,57,57
980,112,91,-30.014701,-51.148877,160,126,34,34
981,112,97,-30.014701,-51.148877,186,95,91,91
982,112,98,-30.012209,-51.130891,159,106,53,53
983,112,103,-30.024153,-51.146796,150,114,36,36
984,112,104,-30.011832,-51.153151,163,137,26,26
985,112,105,-30.037006,-51.14395,136,147,-11,11
986,112,108,-30.031271,-51.141932,159,137,22,22
987,112,109,-30.024153,-51.146796,153,120,33,33
988,112,112,-30.012456,-51.155943,145,119,26,26
989,112,113,-30.014701,-51.148877,172,112,60,60
990,112,115,-30.02263,-51.152963,93,143,-50,50
991,112,117,-30.011266,-51.15497,161,131,30,30
992,112,118,-30.002397,-51.142362,151,96,55,55
993,112,120,-30.024153,-51.146796,149,106,43,43
994,112,121,-30.019889,-51.141365,163,101,62,62
995,112,123,-30.01343,-51.1474,158,128,30,30
996,112,127,-30.029804,-51.150946,132,156,-24,24
997,112,129,-30.011266,-51.15497,169,114,55,55
998,112,131,-30.011266,-51.15497,169,118,51,51
999,112,135,-30.031271,-51.141932,146,138,8,8
1000,112,137,-30.003276,-51.152478,241,63,178,178
1001,112,139,-30.014701,-51.148877,166,108,58,58
1002,112,141,-30.043669,-51.142421,114,151,-37,37
1003,112,155,-30.002397,-51.142362,145,107,38,38
1004,112,157,-30.012456,-51.155943,160,109,51,51
1005,112,162,-30.029804,-51.150946,116,157,-41,41
1006,112,164,-30.011266,-51.15497,166,96,70,70
1007,112,165,-30.031271,-51.141932,134,147,-13,13
1008,112,166,-30.012209,-51.130891,153,119,34,34
1009,112,167,-30.014701,-51.148877,166,119,47,47
1010,112,169,-30.003241,-51.148742,174,108,66,66
1011,112,172,-30.01343,-51.1474,190,105,85,85
1012,112,174,-30.019889,-51.141365,157,112,45,45
1013,112,176,-30.014701,-51.148877,167,105,62,62
1014,112,177,-30.02263,-51.152963,105,142,-37,37
1015,112,180,-30.037006,-51.14395,143,135,8,8
1016,112,182,-30.011832,-51.153151,167,132,35,35
1017,112,185,-30.024153,-51.146796,148,101,47,47
1018,112,186,-30.029804,-51.150946,118,146,-28,28
1019,112,188,-30.014701,-51.148877,178,103,75,75
1020,112,189,-30.024153,-51.146796,162,109,53,53
1021,112,191,-30.002397,-51.142362,161,102,59,59
1022,112,192,-30.043669,-51.142421,120,150,-30,30
1023,112,195,-30.003276,-51.152478,211,91,120,120
1024,112,196,-30.012456,-51.155943,161,113,48,48
1025,112,198,-30.011266,-51.15497,172,121,51,51
1026,112,199,-30.031271,-51.141932,144,127,17,17
1027,112,208,-30.012456,-51.155943,136,130,6,6
1028,112,212,-30.02263,-51.152963,106,124,-18,18
1029,112,215,-30.01343,-51.1474,162,121,41,41
1030,112,217,-30.014701,-51.148877,171,114,57,57
1031,112,218,-30.011266,-51.15497,160,128,32,32
1032,112,219,-30.019889,-51.141365,163,131,32,32
1033,112,221,-30.003241,-51.148742,171,119,52,52
1034,112,226,-30.024153,-51.146796,169,101,68,68
1035,112,227,-30.012209,-51.130891,160,125,35,35
1036,112,230,-30.002397,-51.142362,147,115,32,32
1037,112,232,-30.029804,-51.150946,119,161,-42,42
1038,112,234,-30.031271,-51.141932,135,138,-3,3
1039,112,236,-30.011266,-51.15497,156,123,33,33
1040,112,237,-30.014701,-51.148877,164,125,39,39
1041,112,238,-30.014701,-51.148877,177,118,59,59
1042,112,244,-30.011266,-51.15497,172,113,59,59
1043,112,245,-30.029804,-51.150946,128,135,-7,7
1044,112,248,-30.043669,-51.142421,126,143,-17,17
1045,112,249,-30.037006,-51.14395,143,108,35,35
1046,112,251,-30.011832,-51.153151,167,129,38,38
1047,112,252,-30.003276,-51.152478,210,90,120,120
1048,112,256,-30.01343,-51.1474,157,125,32,32
1049,112,261,-30.011266,-51.15497,176,126,50,50
1050,112,264,-30.031271,-51.141932,153,125,28,28
1051,112,267,-30.014701,-51.148877,162,131,31,31
1052,112,270,-30.029804,-51.150946,128,149,-21,21
1053,112,271,-30.024153,-51.146796,146,106,40,40
1054,112,272,-30.012456,-51.155943,154,114,40,40
1055,112,274,-30.024153,-51.146796,154,136,18,18
1056,112,275,-30.019889,-51.141365,166,109,57,57
1057,112,279,-30.002397,-51.142362,151,107,44,44
1058,112,280,-30.029804,-51.150946,120,167,-47,47
1059,112,283,-30.024153,-51.146796,169,125,44,44
1060,112,287,-30.012456,-51.155943,149,115,34,34
1061,112,288,-30.011266,-51.15497,193,126,67,67
1062,112,289,-30.012209,-51.130891,166,118,48,48
1063,112,290,-30.003241,-51.148742,185,107,78,78
1064,112,293,-30.031271,-51.141932,158,127,31,31
1065,112,295,-30.029804,-51.150946,121,161,-40,40
1066,112,296,-30.012456,-51.155943,157,121,36,36
1067,112,306,-30.003276,-51.152478,209,78,131,131
1068,112,308,-30.043669,-51.142421,130,146,-16,16
1069,112,309,-30.01343,-51.1474,173,118,55,55
1070,112,311,-30.014701,-51.148877,182,117,65,65
1071,112,312,-30.002397,-51.142362,161,105,56,56
1072,112,314,-30.012456,-51.155943,162,110,52,52
1073,112,317,-30.012456,-51.155943,164,118,46,46
1074,112,319,-30.024153,-51.146796,180,116,64,64
1075,112,324,-30.029804,-51.150946,131,159,-28,28
1076,112,326,-30.011832,-51.153151,169,138,31,31
1077,112,329,-30.019889,-51.141365,167,140,27,27
1078,112,332,-30.037006,-51.14395,159,141,18,18
1079,112,333,-30.003241,-51.148742,162,103,59,59
1080,112,336,-30.031271,-51.141932,165,153,12,12
1081,112,337,-30.012456,-51.155943,143,132,11,11
1082,112,340,-30.024153,-51.146796,166,121,45,45
1083,112,341,-30.029804,-51.150946,138,155,-17,17
1084,112,343,-30.011266,-51.15497,176,126,50,50
1085,112,348,-30.024153,-51.146796,193,116,77,77
1086,112,349,-30.01343,-51.1474,178,152,26,26
1087,112,353,-30.003276,-51.152478,222,94,128,128
1088,112,354,-30.002397,-51.142362,172,119,53,53
1089,112,355,-30.012209,-51.130891,163,153,10,10
1090,112,359,-30.012456,-51.155943,151,121,30,30
1091,112,362,-30.037006,-51.14395,160,155,5,5
1092,112,365,-30.02263,-51.152963,122,126,-4,4
1093,112,366,-30.043669,-51.142421,146,178,-32,32
1094,112,371,-30.01343,-51.1474,182,125,57,57
1095,112,373,-30.003241,-51.148742,176,118,58,58
1096,112,374,-30.031271,-51.141932,146,151,-5,5
1097,112,376,-30.031271,-51.141932,162,137,25,25
1098,112,377,-30.012456,-51.155943,137,127,10,10
1099,112,378,-30.019889,-51.141365,170,116,54,54
1100,112,380,-30.003241,-51.148742,175,104,71,71
1101,112,381,-30.029804,-51.150946,115,177,-62,62
1102,112,382,-30.024153,-51.146796,156,123,33,33
1103,112,383,-30.011832,-51.153151,179,145,34,34
1104,112,384,-30.014701,-51.148877,178,128,50,50
1105,112,385,-30.043669,-51.142421,138,158,-20,20
1106,112,386,-30.003241,-51.148742,183,106,77,77
1107,112,387,-30.031271,-51.141932,159,142,17,17
1108,112,388,-30.019889,-51.141365,156,148,8,8
1109,112,390,-30.011266,-51.15497,156,155,1,1
1110,112,391,-30.003241,-51.148742,186,118,68,68
1111,112,392,-30.02263,-51.152963,122,141,-19,19
1112,112,393,-30.014701,-51.148877,157,140,17,17
1113,112,394,-30.031271,-51.141932,163,145,18,18
1114,112,395,-30.019889,-51.141365,182,133,49,49
1115,112,396,-30.012456,-51.155943,143,135,8,8
1116,112,399,-30.024153,-51.146796,146,161,-15,15
1117,112,400,-30.003241,-51.148742,170,122,48,48
1118,112,401,-30.011832,-51.153151,158,154,4,4
1119,112,402,-30.043669,-51.142421,114,170,-56,56
1120,112,403,-30.01343,-51.1474,171,148,23,23
1121,112,405,-30.011832,-51.153151,173,134,39,39
1122,112,406,-30.024153,-51.146796,144,131,13,13
1123,112,407,-30.02263,-51.152963,102,151,-49,49
1124,112,408,-30.003241,-51.148742,167,124,43,43
1125,112,409,-30.011832,-51.153151,178,142,36,36
1126,112,411,-30.011832,-51.153151,150,153,-3,3
1127,112,412,-30.024153,-51.146796,129,153,-24,24
1128,112,413,-30.003241,-51.148742,157,137,20,20
1129,112,414,-30.011832,-51.153151,151,172,-21,21
1130,112,415,-30.043669,-51.142421,155,127,28,28
1131,112,416,-30.011832,-51.153151,182,136,46,46
1132,112,417,-30.003241,-51.148742,163,135,28,28
1133,112,418,-30.01343,-51.1474,167,137,30,30
1134,112,419,-30.014701,-51.148877,161,142,19,19
1135,112,421,-30.016584,-51.12745,101,169,-68,68
1136,112,422,-30.016584,-51.12745,117,139,-22,22
1137,112,423,-30.016584,-51.12745,123,155,-32,32
1138,112,424,-30.016584,-51.12745,113,162,-49,49
1139,112,425,-30.016584,-51.12745,103,156,-53,53
1140,112,426,-30.016584,-51.12745,135,157,-22,22
1141,112,427,-30.016584,-51.12745,107,152,-45,45
1142,112,428,-30.016584,-51.12745,115,140,-25,25
1143,112,429,-30.016584,-51.12745,122,143,-21,21
1144,112,430,-30.016584,-51.12745,113,152,-39,39
1145,112,431,-30.016584,-51.12745,113,133,-20,20
1146,112,432,-30.016584,-51.12745,101,155,-54,54
1147,112,433,-30.016584,-51.12745,118,171,-53,53
1148,112,434,-30.016584,-51.12745,128,158,-30,30
1149,112,435,-30.016584,-51.12745,121,178,-57,57
1150,112,436,-30.016584,-51.12745,117,163,-46,46
1151,112,437,-30.016584,-51.12745,105,171,-66,66
1152,112,438,-29.99947,-51.137845,131,93,38,38
1153,112,439,-29.99947,-51.137845,132,107,25,25
1154,112,440,-29.99947,-51.137845,129,120,9,9
1155,112,441,-29.99947,-51.137845,140,91,49,49
1156,112,442,-29.99947,-51.137845,137,76,61,61
1157,112,443,-29.99947,-51.137845,172,93,79,79
1158,112,444,-29.99947,-51.137845,165,91,74,74
1159,112,445,-29.99947,-51.137845,137,103,34,34
1160,112,446,-29.99947,-51.137845,134,107,27,27
1161,112,447,-29.99947,-51.137845,134,118,16,16
1162,112,448,-29.99947,-51.137845,143,95,48,48
1163,112,449,-29.99947,-51.137845,126,112,14,14
1164,112,450,-29.99947,-51.137845,132,102,30,30
1165,112,451,-30.007091,-51.129627,165,123,42,42
1166,112,452,-30.007091,-51.129627,176,139,37,37
1167,112,453,-30.007091,-51.129627,170,123,47,47
1168,112,454,-30.007091,-51.129627,197,103,94,94
1169,112,455,-30.007091,-51.129627,185,119,66,66
1170,112,456,-30.007091,-51.129627,180,119,61,61
1171,112,457,-30.007091,-51.129627,175,126,49,49
1172,112,458,-30.007091,-51.129627,181,125,56,56
1173,112,459,-30.007091,-51.129627,181,125,56,56
1174,112,460,-30.007091,-51.129627,184,108,76,76
1175,112,461,-30.007091,-51.129627,173,140,33,33
1176,112,462,-30.006485,-51.123147,110,127,-17,17
1177,112,463,-30.006485,-51.123147,128,100,28,28
1178,112,464,-30.006485,-51.123147,87,157,-70,70
1179,112,465,-30.006485,-51.123147,111,120,-9,9
1180,112,466,-30.006485,-51.123147,111,133,-22,22
1181,112,467,-30.006485,-51.123147,129,127,2,2
1182,112,468,-30.006485,-51.123147,119,140,-21,21
1183,112,469,-30.006485,-51.123147,124,135,-11,11
1184,112,470,-30.006485,-51.123147,93,152,-59,59
1185,112,471,-30.006485,-51.123147,103,145,-42,42
1186,112,472,-29.998094,-51.128113,134,111,23,23
1187,112,473,-29.998094,-51.128113,151,109,42,42
1188,112,474,-29.998094,-51.128113,141,102,39,39
1189,112,475,-29.998094,-51.128113,155,100,55,55
1190,112,476,-29.998094,-51.128113,175,103,72,72
1191,112,477,-29.998094,-51.128113,152,111,41,41
1192,112,478,-29.995856,-51.125998,172,115,57,57
1193,112,479,-29.995856,-51.125998,195,123,72,72
1194,112,480,-29.995856,-51.125998,190,121,69,69
1195,112,481,-29.995856,-51.125998,128,147,-19,19
1196,112,482,-29.995856,-51.125998,175,105,70,70
1197,112,483,-29.995856,-51.125998,160,105,55,55
1198,112,484,-29.995856,-51.125998,190,113,77,77
1199,112,485,-29.996574,-51.127732,171,118,53,53
1200,112,486,-29.996574,-51.127732,191,119,72,72
1201,112,487,-29.996574,-51.127732,194,106,88,88
1202,112,488,-29.996574,-51.127732,181,112,69,69
1203,112,489,-29.996574,-51.127732,179,125,54,54
1204,112,490,-30.015509,-51.128028,96,98,-2,2
1205,112,491,-30.015509,-51.128028,98,82,16,16
1206,112,492,-30.015509,-51.128028,108,106,2,2
1207,112,493,-30.015509,-51.128028,99,90,9,9
1208,112,494,-30.015509,-51.128028,105,103,2,2
1209,112,495,-30.015509,-51.128028,105,112,-7,7
1210,112,496,-30.015509,-51.128028,101,90,11,11
1211,112,497,-30.015509,-51.128028,88,82,6,6
1212,112,498,-30.015509,-51.128028,102,94,8,8
1213,112,499,-30.015509,-51.128028,91,103,-12,12
1214,112,500,-30.015509,-51.128028,102,95,7,7
1215,112,501,-30.015509,-51.128028,118,95,23,23
1216,112,502,-30.015509,-51.128028,90,118,-28,28
1217,112,503,-30.015509,-51.128028,82,116,-34,34
1218,112,504,-30.015509,-51.128028,100,118,-18,18
1219,112,505,-30.017908,-51.123741,130,155,-25,25
1220,112,506,-30.017908,-51.123741,123,175,-52,52
1221,112,509,-30.017908,-51.123741,109,164,-55,55
1222,112,510,-30.017908,-51.123741,124,169,-45,45
1223,112,511,-30.017908,-51.123741,125,161,-36,36
1224,112,512,-30.017908,-51.123741,119,164,-45,45
1225,112,513,-30.040193,-51.134795,131,178,-47,47
1226,112,514,-30.040193,-51.134795,143,161,-18,18
1227,112,515,-30.040193,-51.134795,142,163,-21,21
1228,112,516,-30.040193,-51.134795,128,171,-43,43
1229,112,517,-30.040193,-51.134795,122,178,-56,56
1230,112,518,-30.015699,-51.12148,122,146,-24,24
1231,112,519,-30.015699,-51.12148,134,145,-11,11
1232,112,520,-30.036657,-51.123627,112,162,-50,50
1233,112,521,-30.011832,-51.153151,173,144,29,29
1234,112,522,-30.014701,-51.148877,160,137,23,23
1235,112,523,-30.02263,-51.152963,123,141,-18,18
1236,112,524,-29.998094,-51.128113,143,120,23,23
1237,112,525,-30.011266,-51.15497,147,141,6,6
1238,112,526,-30.018862,-51.160983,151,158,-7,7
1239,112,527,-30.003276,-51.152478,164,121,43,43
1240,112,528,-30.040193,-51.134795,127,166,-39,39
1241,112,529,-30.012209,-51.130891,135,142,-7,7
1242,112,530,-30.018862,-51.160983,126,162,-36,36
1243,112,531,-30.02263,-51.152963,134,132,2,2
1244,112,532,-30.02263,-51.152963,122,131,-9,9
1245,112,533,-30.036657,-51.123627,96,172,-76,76
1246,112,534,-30.018862,-51.160983,157,142,15,15
1247,112,535,-30.018862,-51.160983,162,137,25,25
1248,112,536,-30.007091,-51.129627,165,166,-1,1
1249,112,537,-30.012209,-51.130891,157,144,13,13
1250,112,538,-30.003241,-51.148742,157,153,4,4
1251,112,539,-30.018862,-51.160983,177,131,46,46
1252,112,540,-30.036657,-51.123627,79,174,-95,95
1253,112,541,-30.014701,-51.148877,184,150,34,34
1254,112,542,-30.01343,-51.1474,54,51,3,3
1255,113,1,-30.0765518,-51.2001961,89,132,-43,43
1256,113,2,-30.0554631,-51.2012028,105,154,-49,49
1257,113,4,-30.0679372,-51.1911876,80,181,-101,101
1258,113,6,-30.0679372,-51.1911876,79,175,-96,96
1259,113,7,-30.0554631,-51.2012028,107,146,-39,39
1260,113,9,-30.0522637,-51.1954207,100,158,-58,58
1261,113,10,-30.0514943,-51.182388,156,172,-16,16
1262,113,11,-30.0592147,-51.1957898,111,133,-22,22
1263,113,12,-30.0576279,-51.192716,94,126,-32,32
1264,113,13,-30.0475295,-51.1885366,128,184,-56,56
1265,113,14,-30.0438789,-51.1843212,130,160,-30,30
1266,113,15,-30.0679372,-51.1911876,103,142,-39,39
1267,113,17,-30.0765518,-51.2001961,93,101,-8,8
1268,113,21,-30.0634564,-51.1935324,75,140,-65,65
1269,113,22,-30.0522637,-51.1954207,117,162,-45,45
1270,113,24,-30.0765518,-51.2001961,97,118,-21,21
1271,113,26,-30.0438789,-51.1843212,126,142,-16,16
1272,113,28,-30.0765518,-51.2001961,83,109,-26,26
1273,113,29,-30.0531386,-51.1858453,129,152,-23,23
1274,113,31,-30.0634564,-51.1935324,79,134,-55,55
1275,113,32,-30.0592147,-51.1957898,96,157,-61,61
1276,113,33,-30.0531386,-51.1858453,147,143,4,4
1277,113,35,-30.0475295,-51.1885366,134,164,-30,30
1278,113,36,-30.0475295,-51.1885366,146,160,-14,14
1279,113,38,-30.0346471,-51.2176584,141,145,-4,4
1280,113,39,-30.0686604,-51.1881326,87,159,-72,72
1281,113,41,-30.0592147,-51.1957898,85,139,-54,54
1282,113,42,-30.0554631,-51.2012028,105,140,-35,35
1283,113,43,-30.0765518,-51.2001961,85,113,-28,28
1284,113,44,-30.0346471,-51.2176584,162,130,32,32
1285,113,46,-30.0765518,-51.2001961,75,117,-42,42
1286,113,48,-30.0686604,-51.1881326,105,138,-33,33
1287,113,49,-30.0475295,-51.1885366,120,164,-44,44
1288,113,50,-30.0475295,-51.1885366,134,175,-41,41
1289,113,51,-30.0571635,-51.1968412,134,126,8,8
1290,113,52,-30.0522637,-51.1954207,108,156,-48,48
1291,113,53,-30.040283,-51.174448,138,152,-14,14
1292,113,54,-30.0686604,-51.1881326,83,143,-60,60
1293,113,57,-30.0438789,-51.1843212,126,144,-18,18
1294,113,63,-30.0514943,-51.182388,156,149,7,7
1295,113,65,-30.0438789,-51.1843212,152,124,28,28
1296,113,66,-30.0554631,-51.2012028,120,129,-9,9
1297,113,68,-30.0765518,-51.2001961,104,112,-8,8
1298,113,72,-30.0576279,-51.192716,80,130,-50,50
1299,113,75,-30.0592147,-51.1957898,124,131,-7,7
1300,113,78,-30.0765518,-51.2001961,82,101,-19,19
1301,113,79,-30.0571635,-51.1968412,117,154,-37,37
1302,113,80,-30.0531386,-51.1858453,117,164,-47,47
1303,113,83,-30.0686604,-51.1881326,117,124,-7,7
1304,113,85,-30.0554631,-51.2012028,127,127,0,0
1305,113,87,-30.0438789,-51.1843212,133,141,-8,8
1306,113,89,-30.0475295,-51.1885366,131,144,-13,13
1307,113,93,-30.0346471,-51.2176584,160,138,22,22
1308,113,94,-30.040283,-51.174448,148,120,28,28
1309,113,98,-30.0634564,-51.1935324,73,131,-58,58
1310,113,99,-30.0592147,-51.1957898,98,141,-43,43
1311,113,101,-30.0765518,-51.2001961,89,117,-28,28
1312,113,103,-30.0522637,-51.1954207,121,153,-32,32
1313,113,106,-30.0576279,-51.192716,78,135,-57,57
1314,113,108,-30.0531386,-51.1858453,124,162,-38,38
1315,113,111,-30.0438789,-51.1843212,174,114,60,60
1316,113,112,-30.0554631,-51.2012028,110,151,-41,41
1317,113,117,-30.057496,-51.193491,119,148,-29,29
1318,113,118,-30.0765518,-51.2001961,75,106,-31,31
1319,113,120,-30.0531386,-51.1858453,133,144,-11,11
1320,113,124,-30.0679372,-51.1911876,79,166,-87,87
1321,113,126,-30.0679372,-51.1911876,83,162,-79,79
1322,113,127,-30.0554631,-51.2012028,123,128,-5,5
1323,113,130,-30.0438789,-51.1843212,150,136,14,14
1324,113,135,-30.0765518,-51.2001961,84,132,-48,48
1325,113,136,-30.057496,-51.193491,118,152,-34,34
1326,113,138,-30.0554631,-51.2012028,116,138,-22,22
1327,113,139,-30.0514943,-51.182388,138,170,-32,32
1328,113,140,-30.0576279,-51.192716,105,123,-18,18
1329,113,143,-30.0346471,-51.2176584,171,122,49,49
1330,113,144,-30.0475295,-51.1885366,137,164,-27,27
1331,113,145,-30.0765518,-51.2001961,109,92,17,17
1332,113,146,-30.0686604,-51.1881326,105,133,-28,28
1333,113,147,-30.0571635,-51.1968412,103,159,-56,56
1334,113,148,-30.0475295,-51.1885366,136,138,-2,2
1335,113,149,-30.0522637,-51.1954207,134,148,-14,14
1336,113,150,-30.0765518,-51.2001961,69,102,-33,33
1337,113,151,-30.0634564,-51.1935324,73,143,-70,70
1338,113,152,-30.0438789,-51.1843212,146,159,-13,13
1339,113,153,-30.057496,-51.193491,111,151,-40,40
1340,113,159,-30.0592147,-51.1957898,103,128,-25,25
1341,113,165,-30.040283,-51.174448,144,146,-2,2
1342,113,166,-30.0686604,-51.1881326,116,131,-15,15
1343,113,167,-30.0554631,-51.2012028,131,131,0,0
1344,113,170,-30.0514943,-51.182388,143,156,-13,13
1345,113,172,-30.0576279,-51.192716,84,126,-42,42
1346,113,173,-30.0634564,-51.1935324,83,147,-64,64
1347,113,177,-30.0554631,-51.2012028,119,133,-14,14
1348,113,180,-30.057496,-51.193491,106,139,-33,33
1349,113,184,-30.0765518,-51.2001961,86,126,-40,40
1350,113,186,-30.0346471,-51.2176584,159,131,28,28
1351,113,188,-30.0514943,-51.182388,141,176,-35,35
1352,113,189,-30.0438789,-51.1843212,153,145,8,8
1353,113,190,-30.0765518,-51.2001961,78,115,-37,37
1354,113,191,-30.0686604,-51.1881326,104,132,-28,28
1355,113,194,-30.0554631,-51.2012028,128,127,1,1
1356,113,198,-30.057496,-51.193491,147,142,5,5
1357,113,200,-30.0576279,-51.192716,90,152,-62,62
1358,113,201,-30.0592147,-51.1957898,95,135,-40,40
1359,113,204,-30.0571635,-51.1968412,122,140,-18,18
1360,113,206,-30.0679372,-51.1911876,83,166,-83,83
1361,113,211,-30.0531386,-51.1858453,134,156,-22,22
1362,113,212,-30.0554631,-51.2012028,128,133,-5,5
1363,113,214,-30.0438789,-51.1843212,136,146,-10,10
1364,113,215,-30.0514943,-51.182388,134,172,-38,38
1365,113,218,-30.057496,-51.193491,131,142,-11,11
1366,113,224,-30.0679372,-51.1911876,85,159,-74,74
1367,113,225,-30.0475295,-51.1885366,132,156,-24,24
1368,113,227,-30.0765518,-51.2001961,88,129,-41,41
1369,113,229,-30.0765518,-51.2001961,95,123,-28,28
1370,113,230,-30.0576279,-51.192716,95,98,-3,3
1371,113,232,-30.0522637,-51.1954207,116,149,-33,33
1372,113,234,-30.0554631,-51.2012028,105,145,-40,40
1373,113,236,-30.0554631,-51.2012028,121,122,-1,1
1374,113,237,-30.0634564,-51.1935324,76,136,-60,60
1375,113,238,-30.0346471,-51.2176584,156,135,21,21
1376,113,240,-30.0576279,-51.192716,93,118,-25,25
1377,113,241,-30.0475295,-51.1885366,128,147,-19,19
1378,113,243,-30.040283,-51.174448,148,139,9,9
1379,113,247,-30.0514943,-51.182388,163,141,22,22
1380,113,248,-30.0438789,-51.1843212,166,127,39,39
1381,113,249,-30.0438789,-51.1843212,154,124,30,30
1382,113,250,-30.0686604,-51.1881326,96,139,-43,43
1383,113,263,-30.0765518,-51.2001961,92,131,-39,39
1384,113,265,-30.0554631,-51.2012028,111,123,-12,12
1385,113,266,-30.0571635,-51.1968412,104,137,-33,33
1386,113,268,-30.0765518,-51.2001961,109,125,-16,16
1387,113,269,-30.0571635,-51.1968412,113,142,-29,29
1388,113,270,-30.0576279,-51.192716,91,117,-26,26
1389,113,271,-30.0514943,-51.182388,148,150,-2,2
1390,113,273,-30.0438789,-51.1843212,156,123,33,33
1391,113,275,-30.0634564,-51.1935324,80,140,-60,60
1392,113,277,-30.0765518,-51.2001961,92,125,-33,33
1393,113,279,-30.0592147,-51.1957898,113,151,-38,38
1394,113,280,-30.0571635,-51.1968412,117,136,-19,19
1395,113,281,-30.0475295,-51.1885366,163,151,12,12
1396,113,289,-30.0554631,-51.2012028,133,119,14,14
1397,113,290,-30.0514943,-51.182388,148,160,-12,12
1398,113,291,-30.0531386,-51.1858453,133,170,-37,37
1399,113,293,-30.0475295,-51.1885366,156,138,18,18
1400,113,294,-30.0679372,-51.1911876,105,144,-39,39
1401,113,297,-30.0765518,-51.2001961,95,127,-32,32
1402,113,300,-30.0686604,-51.1881326,84,137,-53,53
1403,113,304,-30.0571635,-51.1968412,125,133,-8,8
1404,113,305,-30.0438789,-51.1843212,156,133,23,23
1405,113,308,-30.0634564,-51.1935324,79,148,-69,69
1406,113,310,-30.0634564,-51.1935324,71,143,-72,72
1407,113,311,-30.0765518,-51.2001961,92,117,-25,25
1408,113,312,-30.040283,-51.174448,151,138,13,13
1409,113,314,-30.0686604,-51.1881326,94,149,-55,55
1410,113,319,-30.0554631,-51.2012028,115,133,-18,18
1411,113,322,-30.0514943,-51.182388,145,143,2,2
1412,113,325,-30.0438789,-51.1843212,145,131,14,14
1413,113,326,-30.0571635,-51.1968412,108,137,-29,29
1414,113,329,-30.0554631,-51.2012028,117,150,-33,33
1415,113,330,-30.0571635,-51.1968412,121,160,-39,39
1416,113,331,-30.0679372,-51.1911876,82,180,-98,98
1417,113,338,-30.0634564,-51.1935324,90,144,-54,54
1418,113,339,-30.0592147,-51.1957898,114,141,-27,27
1419,113,341,-30.0475295,-51.1885366,157,165,-8,8
1420,113,342,-30.0475295,-51.1885366,131,201,-70,70
1421,113,343,-30.0765518,-51.2001961,94,143,-49,49
1422,113,344,-30.0554631,-51.2012028,123,155,-32,32
1423,113,346,-30.0514943,-51.182388,152,173,-21,21
1424,113,348,-30.0554631,-51.2012028,136,127,9,9
1425,113,350,-30.0571635,-51.1968412,114,157,-43,43
1426,113,351,-30.0765518,-51.2001961,110,129,-19,19
1427,113,353,-30.0346471,-51.2176584,166,124,42,42
1428,113,356,-30.0576279,-51.192716,98,144,-46,46
1429,113,357,-30.0679372,-51.1911876,101,173,-72,72
1430,113,358,-30.0346471,-51.2176584,165,131,34,34
1431,113,360,-30.0514943,-51.182388,164,171,-7,7
1432,113,361,-30.0576279,-51.192716,113,137,-24,24
1433,113,362,-30.0765518,-51.2001961,125,166,-41,41
1434,113,363,-30.0531386,-51.1858453,146,172,-26,26
1435,113,364,-30.0765518,-51.2001961,119,127,-8,8
1436,113,368,-30.0765518,-51.2001961,109,131,-22,22
1437,113,369,-30.0765518,-51.2001961,91,122,-31,31
1438,113,370,-30.0514943,-51.182388,167,146,21,21
1439,113,371,-30.0765518,-51.2001961,84,109,-25,25
1440,113,372,-30.0514943,-51.182388,143,191,-48,48
1441,113,374,-30.0765518,-51.2001961,89,110,-21,21
1442,113,375,-30.0514943,-51.182388,144,164,-20,20
1443,113,378,-30.0527712,-51.1867672,160,179,-19,19
1444,113,379,-30.0435581,-51.152277,89,172,-83,83
1445,113,380,-30.0435581,-51.152277,105,156,-51,51
1446,113,381,-30.0435581,-51.152277,91,180,-89,89
1447,113,382,-30.0435581,-51.152277,87,171,-84,84
1448,113,383,-30.0435581,-51.152277,88,173,-85,85
1449,113,384,-30.0435581,-51.152277,90,178,-88,88
1450,113,385,-30.0435581,-51.152277,96,181,-85,85
1451,113,386,-30.0435581,-51.152277,102,162,-60,60
1452,113,387,-30.0435581,-51.152277,102,165,-63,63
1453,113,388,-30.0435581,-51.152277,94,168,-74,74
1454,113,389,-30.0435581,-51.152277,86,175,-89,89
1455,113,390,-30.0435581,-51.152277,105,164,-59,59
1456,113,391,-30.0435581,-51.152277,93,177,-84,84
1457,113,392,-30.0435581,-51.152277,109,176,-67,67
1458,113,393,-30.043636,-51.16366,92,176,-84,84
1459,113,394,-30.043636,-51.16366,90,177,-87,87
1460,113,395,-30.043636,-51.16366,96,164,-68,68
1461,113,396,-30.043636,-51.16366,105,141,-36,36
1462,113,397,-30.043636,-51.16366,84,158,-74,74
1463,113,398,-30.043636,-51.16366,92,156,-64,64
1464,113,399,-30.043636,-51.16366,91,152,-61,61
1465,113,400,-30.043636,-51.16366,98,164,-66,66
1466,113,401,-30.043636,-51.16366,96,172,-76,76
1467,113,402,-30.043636,-51.16366,101,176,-75,75
1468,113,403,-30.048875,-51.1694407,128,166,-38,38
1469,113,404,-30.048875,-51.1694407,130,137,-7,7
1470,113,405,-30.048875,-51.1694407,112,153,-41,41
1471,113,406,-30.048875,-51.1694407,126,147,-21,21
1472,113,407,-30.048875,-51.1694407,122,157,-35,35
1473,113,408,-30.048875,-51.1694407,123,157,-34,34
1474,113,409,-30.048875,-51.1694407,125,160,-35,35
1475,113,410,-30.048875,-51.1694407,141,140,1,1
1476,113,411,-30.048875,-51.1694407,128,184,-56,56
1477,113,413,-30.0346471,-51.2176584,56,219,-163,163
1478,113,414,-30.0346471,-51.2176584,71,187,-116,116
1479,113,415,-30.0346471,-51.2176584,68,180,-112,112
1480,113,416,-30.0346471,-51.2176584,58,197,-139,139
1481,113,417,-30.0346471,-51.2176584,60,186,-126,126
1482,113,418,-30.0346471,-51.2176584,77,165,-88,88
1483,113,419,-30.0346471,-51.2176584,67,182,-115,115
1484,113,420,-30.0346471,-51.2176584,80,200,-120,120
1485,113,421,-30.0346471,-51.2176584,80,205,-125,125
1486,113,422,-30.0346471,-51.2176584,80,128,-48,48
1487,113,423,-30.0346471,-51.2176584,96,135,-39,39
1488,113,424,-30.0346471,-51.2176584,77,133,-56,56
1489,113,425,-30.0346471,-51.2176584,90,146,-56,56
1490,113,426,-30.0346471,-51.2176584,96,149,-53,53
1491,113,427,-30.0346471,-51.2176584,77,136,-59,59
1492,113,428,-30.0346471,-51.2176584,80,133,-53,53
1493,113,429,-30.0346471,-51.2176584,92,132,-40,40
1494,113,430,-30.0346471,-51.2176584,88,153,-65,65
1495,113,431,-30.05421,-51.150181,85,150,-65,65
1496,113,432,-30.05421,-51.150181,93,153,-60,60
1497,113,433,-30.05421,-51.150181,80,157,-77,77
1498,113,434,-30.05421,-51.150181,88,153,-65,65
1499,113,435,-30.05421,-51.150181,87,149,-62,62
1500,113,436,-30.05421,-51.150181,92,130,-38,38
1501,113,437,-30.05421,-51.150181,106,129,-23,23
1502,113,438,-30.05421,-51.150181,105,172,-67,67
1503,113,439,-30.05421,-51.150181,92,164,-72,72
1504,113,440,-30.05421,-51.150181,101,168,-67,67
1505,113,441,-30.0620476,-51.1489722,101,160,-59,59
1506,113,442,-30.0620476,-51.1489722,105,150,-45,45
1507,113,443,-30.0620476,-51.1489722,112,155,-43,43
1508,113,444,-30.0620476,-51.1489722,112,149,-37,37
1509,113,445,-30.0620476,-51.1489722,107,162,-55,55
1510,113,446,-30.0620476,-51.1489722,106,158,-52,52
1511,113,447,-30.0620476,-51.1489722,115,154,-39,39
1512,113,448,-30.0620476,-51.1489722,116,150,-34,34
1513,113,449,-30.0620476,-51.1489722,102,151,-49,49
1514,113,450,-30.0620476,-51.1489722,109,160,-51,51
1515,113,451,-30.0620476,-51.1489722,123,163,-40,40
1516,113,452,-30.0623618,-51.1623761,116,173,-57,57
1517,113,453,-30.0623618,-51.1623761,139,170,-31,31
1518,113,454,-30.0623618,-51.1623761,143,169,-26,26
1519,113,455,-30.0623618,-51.1623761,141,154,-13,13
1520,113,456,-30.0623618,-51.1623761,130,165,-35,35
1521,113,457,-30.0623618,-51.1623761,116,170,-54,54
1522,113,458,-30.0623618,-51.1623761,148,144,4,4
1523,113,459,-30.0623618,-51.1623761,146,158,-12,12
1524,113,460,-30.0623618,-51.1623761,147,166,-19,19
1525,113,461,-30.0623618,-51.1623761,144,174,-30,30
1526,113,462,-30.0623618,-51.1623761,120,209,-89,89
1527,113,463,-30.0493853,-51.1467141,114,168,-54,54
1528,113,464,-30.0493853,-51.1467141,101,194,-93,93
1529,113,465,-30.0493853,-51.1467141,99,187,-88,88
1530,113,466,-30.0493853,-51.1467141,102,188,-86,86
1531,113,467,-30.0493853,-51.1467141,111,177,-66,66
1532,113,468,-30.0493853,-51.1467141,93,193,-100,100
1533,113,469,-30.0346471,-51.2176584,72,165,-93,93
1534,113,470,-30.0346471,-51.2176584,69,156,-87,87
1535,113,471,-30.0346471,-51.2176584,63,149,-86,86
1536,113,472,-30.0346471,-51.2176584,62,177,-115,115
1537,113,473,-30.0346471,-51.2176584,63,159,-96,96
1538,113,474,-30.0346471,-51.2176584,55,136,-81,81
1539,113,475,-30.0346471,-51.2176584,70,152,-82,82
1540,113,476,-30.0346471,-51.2176584,60,162,-102,102
1541,113,477,-30.051186,-51.16294,95,124,-29,29
1542,113,478,-30.0527712,-51.1867672,156,164,-8,8
1543,113,479,-30.048875,-51.1694407,106,169,-63,63
1544,113,480,-30.0346471,-51.2176584,74,189,-115,115
1545,113,481,-30.0527712,-51.1867672,131,203,-72,72
1546,113,482,-30.051186,-51.16294,99,123,-24,24
1547,113,483,-30.0527712,-51.1867672,142,188,-46,46
1548,113,484,-30.0346471,-51.2176584,54,188,-134,134
1549,113,485,-30.0346471,-51.2176584,73,128,-55,55
1550,113,486,-30.051186,-51.16294,87,117,-30,30
1551,113,487,-30.05421,-51.150181,84,175,-91,91
1552,113,488,-30.0620476,-51.1489722,110,154,-44,44
1553,113,489,-30.0346471,-51.2176584,115,170,-55,55
1554,113,490,-30.0435581,-51.152277,85,173,-88,88
1555,113,491,-30.043636,-51.16366,88,177,-89,89
1556,113,492,-30.048875,-51.1694407,113,166,-53,53
1557,113,493,-30.0493853,-51.1467141,82,208,-126,126
1558,113,494,-30.0527712,-51.1867672,150,186,-36,36
1559,113,495,-30.051186,-51.16294,81,114,-33,33
1560,113,496,-30.0620476,-51.1489722,98,158,-60,60
1561,113,497,-30.051186,-51.16294,95,106,-11,11
1562,113,498,-30.046559,-51.182839,144,194,-50,50
1563,113,499,-30.051186,-51.16294,104,109,-5,5
1564,113,500,-30.046559,-51.182839,145,183,-38,38
1565,113,501,-30.0493853,-51.1467141,84,201,-117,117
1566,113,502,-30.0620476,-51.1489722,113,149,-36,36
1567,114,3,-30.075393,-51.202708,117,156,-39,39
1568,114,7,-30.082438,-51.232641,81,130,-49,49
1569,114,8,-30.0691441,-51.2078721,100,121,-21,21
1570,114,10,-30.0671592,-51.2355703,117,107,10,10
1571,114,11,-30.089865,-51.2144821,82,129,-47,47
1572,114,12,-30.089865,-51.2144821,98,124,-26,26
1573,114,14,-30.0691441,-51.2078721,100,125,-25,25
1574,114,18,-30.089646,-51.226774,77,155,-78,78
1575,114,23,-30.071952,-51.221093,98,162,-64,64
1576,114,24,-30.076273,-51.214715,99,142,-43,43
1577,114,28,-30.0824063,-51.208131,131,123,8,8
1578,114,29,-30.078066,-51.242031,108,148,-40,40
1579,114,32,-30.080854,-51.206805,131,140,-9,9
1580,114,37,-30.069902,-51.210347,79,129,-50,50
1581,114,38,-30.075323,-51.213146,102,135,-33,33
1582,114,40,-30.0784928,-51.2089238,103,103,0,0
1583,114,41,-30.076273,-51.214715,91,167,-76,76
1584,114,42,-30.082438,-51.232641,62,158,-96,96
1585,114,43,-30.074483,-51.230457,77,133,-56,56
1586,114,48,-30.088069,-51.237822,112,157,-45,45
1587,114,50,-30.069902,-51.210347,80,123,-43,43
1588,114,55,-30.080854,-51.206805,101,183,-82,82
1589,114,56,-30.089646,-51.226774,98,136,-38,38
1590,114,64,-30.089646,-51.226774,96,142,-46,46
1591,114,66,-30.088069,-51.237822,96,151,-55,55
1592,114,69,-30.069902,-51.210347,90,124,-34,34
1593,114,70,-30.0824063,-51.208131,114,128,-14,14
1594,114,73,-30.0671592,-51.2355703,120,127,-7,7
1595,114,74,-30.0824063,-51.208131,120,136,-16,16
1596,114,77,-30.069902,-51.210347,84,113,-29,29
1597,114,78,-30.085384,-51.207508,130,128,2,2
1598,114,81,-30.084161,-51.19996,90,166,-76,76
1599,114,89,-30.089865,-51.2144821,88,122,-34,34
1600,114,91,-30.071952,-51.221093,82,173,-91,91
1601,114,93,-30.076273,-51.214715,97,150,-53,53
1602,114,95,-30.074483,-51.230457,76,123,-47,47
1603,114,98,-30.082438,-51.232641,85,135,-50,50
1604,114,114,-30.088069,-51.237822,118,137,-19,19
1605,114,116,-30.089865,-51.2144821,106,122,-16,16
1606,114,119,-30.075323,-51.213146,94,153,-59,59
1607,114,121,-30.076273,-51.214715,95,160,-65,65
1608,114,122,-30.0691441,-51.2078721,98,124,-26,26
1609,114,123,-30.076273,-51.214715,106,156,-50,50
1610,114,124,-30.071952,-51.221093,102,169,-67,67
1611,114,125,-30.069902,-51.210347,87,132,-45,45
1612,114,126,-30.0824063,-51.208131,118,132,-14,14
1613,114,128,-30.089646,-51.226774,108,128,-20,20
1614,114,132,-30.069902,-51.210347,95,97,-2,2
1615,114,134,-30.075393,-51.202708,115,147,-32,32
1616,114,136,-30.074483,-51.230457,81,128,-47,47
1617,114,137,-30.078066,-51.242031,125,120,5,5
1618,114,143,-30.0671592,-51.2355703,129,94,35,35
1619,114,144,-30.089865,-51.2144821,103,117,-14,14
1620,114,145,-30.082438,-51.232641,89,132,-43,43
1621,114,147,-30.089646,-51.226774,99,146,-47,47
1622,114,149,-30.080854,-51.206805,119,158,-39,39
1623,114,161,-30.076273,-51.214715,91,162,-71,71
1624,114,162,-30.071952,-51.221093,88,187,-99,99
1625,114,165,-30.0691441,-51.2078721,95,131,-36,36
1626,114,166,-30.089865,-51.2144821,95,120,-25,25
1627,114,167,-30.082438,-51.232641,75,159,-84,84
1628,114,171,-30.0784928,-51.2089238,89,119,-30,30
1629,114,174,-30.088069,-51.237822,122,157,-35,35
1630,114,176,-30.085384,-51.207508,119,148,-29,29
1631,114,181,-30.088069,-51.237822,106,146,-40,40
1632,114,186,-30.075323,-51.213146,95,150,-55,55
1633,114,189,-30.089646,-51.226774,112,134,-22,22
1634,114,191,-30.076273,-51.214715,122,138,-16,16
1635,114,199,-30.075393,-51.202708,117,156,-39,39
1636,114,201,-30.069902,-51.210347,108,117,-9,9
1637,114,202,-30.0824063,-51.208131,117,115,2,2
1638,114,204,-30.082438,-51.232641,86,159,-73,73
1639,114,205,-30.074483,-51.230457,73,137,-64,64
1640,114,207,-30.071952,-51.221093,96,182,-86,86
1641,114,208,-30.069902,-51.210347,78,118,-40,40
1642,114,210,-30.0784928,-51.2089238,120,114,6,6
1643,114,214,-30.076273,-51.214715,111,144,-33,33
1644,114,216,-30.078066,-51.242031,122,124,-2,2
1645,114,217,-30.089865,-51.2144821,122,109,13,13
1646,114,222,-30.088069,-51.237822,127,127,0,0
1647,114,234,-30.088069,-51.237822,110,147,-37,37
1648,114,237,-30.089646,-51.226774,114,129,-15,15
1649,114,238,-30.082438,-51.232641,86,149,-63,63
1650,114,242,-30.089865,-51.2144821,93,123,-30,30
1651,114,245,-30.075393,-51.202708,101,133,-32,32
1652,114,246,-30.080854,-51.206805,138,151,-13,13
1653,114,248,-30.075323,-51.213146,126,118,8,8
1654,114,250,-30.069902,-51.210347,87,125,-38,38
1655,114,254,-30.0784928,-51.2089238,130,128,2,2
1656,114,255,-30.071952,-51.221093,114,156,-42,42
1657,114,257,-30.076273,-51.214715,122,151,-29,29
1658,114,263,-30.085384,-51.207508,140,129,11,11
1659,114,268,-30.0784928,-51.2089238,103,109,-6,6
1660,114,269,-30.084161,-51.19996,109,167,-58,58
1661,114,271,-30.0691441,-51.2078721,99,131,-32,32
1662,114,273,-30.078066,-51.242031,131,117,14,14
1663,114,276,-30.088069,-51.237822,110,140,-30,30
1664,114,277,-30.080854,-51.206805,139,144,-5,5
1665,114,279,-30.089646,-51.226774,103,134,-31,31
1666,114,280,-30.069902,-51.210347,94,130,-36,36
1667,114,281,-30.089865,-51.2144821,102,113,-11,11
1668,114,282,-30.0784928,-51.2089238,123,95,28,28
1669,114,283,-30.0671592,-51.2355703,122,109,13,13
1670,114,284,-30.074483,-51.230457,73,133,-60,60
1671,114,286,-30.082438,-51.232641,69,163,-94,94
1672,114,287,-30.075393,-51.202708,128,147,-19,19
1673,114,293,-30.088069,-51.237822,109,140,-31,31
1674,114,297,-30.082438,-51.232641,93,150,-57,57
1675,114,303,-30.0671592,-51.2355703,105,120,-15,15
1676,114,307,-30.076273,-51.214715,109,157,-48,48
1677,114,310,-30.076273,-51.214715,124,150,-26,26
1678,114,312,-30.075323,-51.213146,85,157,-72,72
1679,114,320,-30.074483,-51.230457,86,116,-30,30
1680,114,323,-30.0671592,-51.2355703,106,116,-10,10
1681,114,324,-30.088069,-51.237822,123,132,-9,9
1682,114,334,-30.089646,-51.226774,89,154,-65,65
1683,114,335,-30.069902,-51.210347,90,123,-33,33
1684,114,336,-30.078066,-51.242031,121,123,-2,2
1685,114,337,-30.069902,-51.210347,81,146,-65,65
1686,114,342,-30.082438,-51.232641,78,164,-86,86
1687,114,343,-30.089646,-51.226774,98,141,-43,43
1688,114,346,-30.075393,-51.202708,135,153,-18,18
1689,114,349,-30.088069,-51.237822,112,160,-48,48
1690,114,350,-30.076273,-51.214715,122,152,-30,30
1691,114,352,-30.069902,-51.210347,104,120,-16,16
1692,114,353,-30.0671592,-51.2355703,95,139,-44,44
1693,114,354,-30.0784928,-51.2089238,106,125,-19,19
1694,114,356,-30.074483,-51.230457,84,124,-40,40
1695,114,358,-30.085384,-51.207508,122,145,-23,23
1696,114,360,-30.0784928,-51.2089238,124,125,-1,1
1697,114,361,-30.0691441,-51.2078721,104,132,-28,28
1698,114,364,-30.0784928,-51.2089238,129,130,-1,1
1699,114,367,-30.089646,-51.226774,99,147,-48,48
1700,114,369,-30.075323,-51.213146,103,155,-52,52
1701,114,379,-30.089646,-51.226774,108,155,-47,47
1702,114,385,-30.0784928,-51.2089238,143,135,8,8
1703,114,386,-30.089865,-51.2144821,105,117,-12,12
1704,114,388,-30.088069,-51.237822,116,155,-39,39
1705,114,392,-30.076273,-51.214715,127,156,-29,29
1706,114,395,-30.080854,-51.206805,150,152,-2,2
1707,114,396,-30.0671592,-51.2355703,108,126,-18,18
1708,114,397,-30.078066,-51.242031,130,140,-10,10
1709,114,398,-30.080854,-51.206805,134,178,-44,44
1710,114,399,-30.082438,-51.232641,105,164,-59,59
1711,114,401,-30.074483,-51.230457,97,141,-44,44
1712,114,402,-30.076273,-51.214715,112,175,-63,63
1713,114,403,-30.076273,-51.214715,112,175,-63,63
1714,114,405,-30.074483,-51.230457,88,122,-34,34
1715,114,406,-30.071952,-51.221093,114,165,-51,51
1716,114,408,-30.078066,-51.242031,121,125,-4,4
1717,114,409,-30.0691441,-51.2078721,80,147,-67,67
1718,114,410,-30.0784928,-51.2089238,79,153,-74,74
1719,114,411,-30.075323,-51.213146,92,144,-52,52
1720,114,413,-30.0671592,-51.2355703,119,134,-15,15
1721,114,414,-30.082438,-51.232641,106,164,-58,58
1722,114,415,-30.0691441,-51.2078721,99,144,-45,45
1723,114,416,-30.0671592,-51.2355703,140,116,24,24
1724,114,417,-30.088069,-51.237822,95,183,-88,88
1725,114,418,-30.076273,-51.214715,120,156,-36,36
1726,114,419,-30.074483,-51.230457,91,148,-57,57
1727,114,420,-30.076273,-51.214715,105,159,-54,54
1728,114,421,-30.080854,-51.206805,125,155,-30,30
1729,114,422,-30.075393,-51.202708,128,156,-28,28
1730,114,423,-30.089646,-51.226774,82,165,-83,83
1731,114,424,-30.088069,-51.237822,138,149,-11,11
1732,114,425,-30.069902,-51.210347,107,129,-22,22
1733,114,426,-30.074483,-51.230457,83,152,-69,69
1734,114,428,-30.075323,-51.213146,116,148,-32,32
1735,114,429,-30.088069,-51.237822,117,168,-51,51
1736,114,430,-30.0691441,-51.2078721,96,143,-47,47
1737,114,431,-30.071952,-51.221093,104,178,-74,74
1738,114,432,-30.082438,-51.232641,89,161,-72,72
1739,114,433,-30.074483,-51.230457,72,139,-67,67
1740,114,434,-30.075393,-51.202708,137,147,-10,10
1741,114,435,-30.084161,-51.19996,106,158,-52,52
1742,114,437,-30.0671592,-51.2355703,123,169,-46,46
1743,114,438,-30.071952,-51.221093,101,182,-81,81
1744,114,439,-30.082438,-51.232641,81,156,-75,75
1745,114,440,-30.078066,-51.242031,128,136,-8,8
1746,114,441,-30.0691441,-51.2078721,89,147,-58,58
1747,114,442,-30.0784928,-51.2089238,114,136,-22,22
1748,114,443,-30.075323,-51.213146,97,168,-71,71
1749,114,444,-30.084161,-51.19996,93,166,-73,73
1750,114,445,-30.080854,-51.206805,129,182,-53,53
1751,114,446,-30.075393,-51.202708,107,173,-66,66
1752,114,447,-30.085384,-51.207508,125,149,-24,24
1753,114,448,-30.089865,-51.2144821,100,133,-33,33
1754,114,449,-30.089646,-51.226774,103,143,-40,40
1755,114,450,-30.071952,-51.221093,93,173,-80,80
1756,114,452,-30.082438,-51.232641,98,147,-49,49
1757,114,454,-30.078066,-51.242031,101,137,-36,36
1758,114,457,-30.071952,-51.221093,115,168,-53,53
1759,114,458,-30.078066,-51.242031,108,141,-33,33
1760,114,460,-30.0784928,-51.2089238,128,153,-25,25
1761,114,461,-30.089646,-51.226774,85,152,-67,67
1762,114,462,-30.0691441,-51.2078721,85,143,-58,58
1763,114,463,-30.076273,-51.214715,109,161,-52,52
1764,114,465,-30.071952,-51.221093,115,191,-76,76
1765,114,466,-30.075323,-51.213146,91,151,-60,60
1766,114,467,-30.0671592,-51.2355703,134,168,-34,34
1767,114,468,-30.082438,-51.232641,94,156,-62,62
1768,114,470,-30.078066,-51.242031,128,128,0,0
1769,114,471,-30.082438,-51.232641,97,158,-61,61
1770,114,472,-30.07346,-51.203876,96,137,-41,41
1771,114,473,-30.091955,-51.231206,118,149,-31,31
1772,114,474,-30.077454,-51.23069,61,149,-88,88
1773,114,475,-30.0674554,-51.2106113,67,130,-63,63
1774,114,476,-30.0674554,-51.2106113,95,134,-39,39
1775,114,478,-30.0916854,-51.2379555,120,159,-39,39
1776,114,479,-30.080854,-51.206805,103,192,-89,89
1777,114,480,-30.075323,-51.213146,94,143,-49,49
1778,114,481,-30.0784928,-51.2089238,105,135,-30,30
1779,114,482,-30.078066,-51.242031,113,137,-24,24
1780,114,483,-30.0691441,-51.2078721,98,132,-34,34
1781,114,484,-30.07346,-51.203876,97,129,-32,32
1782,114,485,-30.07346,-51.203876,88,139,-51,51
1783,114,486,-30.07346,-51.203876,74,128,-54,54
1784,114,487,-30.07346,-51.203876,94,130,-36,36
1785,114,488,-30.07346,-51.203876,89,127,-38,38
1786,114,489,-30.07346,-51.203876,102,122,-20,20
1787,114,490,-30.07346,-51.203876,84,165,-81,81
1788,114,491,-30.090784,-51.181166,95,170,-75,75
1789,114,492,-30.090784,-51.181166,112,144,-32,32
1790,114,493,-30.090784,-51.181166,99,140,-41,41
1791,114,495,-30.090784,-51.181166,95,157,-62,62
1792,114,496,-30.103807,-51.170426,98,127,-29,29
1793,114,497,-30.103807,-51.170426,91,133,-42,42
1794,114,498,-30.103807,-51.170426,103,112,-9,9
1795,114,499,-30.103807,-51.170426,104,127,-23,23
1796,114,500,-30.103807,-51.170426,94,137,-43,43
1797,114,501,-30.103807,-51.170426,105,136,-31,31
1798,114,502,-30.094801,-51.221487,144,144,0,0
1799,114,503,-30.094801,-51.221487,150,129,21,21
1800,114,504,-30.116874,-51.179495,120,138,-18,18
1801,114,505,-30.116874,-51.179495,131,126,5,5
1802,114,506,-30.116874,-51.179495,141,111,30,30
1803,114,507,-30.116874,-51.179495,123,124,-1,1
1804,114,508,-30.116874,-51.179495,127,159,-32,32
1805,114,509,-30.116874,-51.179495,145,157,-12,12
1806,114,510,-30.116874,-51.179495,147,150,-3,3
1807,114,511,-30.116874,-51.179495,156,136,20,20
1808,114,512,-30.1160443,-51.2100623,122,101,21,21
1809,114,513,-30.1160443,-51.2100623,108,117,-9,9
1810,114,514,-30.1160443,-51.2100623,119,119,0,0
1811,114,515,-30.1160443,-51.2100623,115,112,3,3
1812,114,516,-30.1160443,-51.2100623,123,125,-2,2
1813,114,517,-30.1160443,-51.2100623,118,113,5,5
1814,114,518,-30.1160443,-51.2100623,137,100,37,37
1815,114,519,-30.1160443,-51.2100623,130,112,18,18
1816,114,520,-30.1160443,-51.2100623,112,111,1,1
1817,114,521,-30.1160443,-51.2100623,123,122,1,1
1818,114,522,-30.1160443,-51.2100623,119,131,-12,12
1819,114,523,-30.1160443,-51.2100623,132,126,6,6
1820,114,524,-30.1160443,-51.2100623,145,134,11,11
1821,114,525,-30.1160443,-51.2100623,150,126,24,24
1822,114,526,-30.1160443,-51.2100623,131,128,3,3
1823,114,527,-30.1160443,-51.2100623,142,122,20,20
1824,114,528,-30.115868,-51.211964,100,90,10,10
1825,114,529,-30.115868,-51.211964,94,103,-9,9
1826,114,530,-30.115868,-51.211964,102,102,0,0
1827,114,531,-30.115868,-51.211964,107,104,3,3
1828,114,532,-30.115868,-51.211964,90,92,-2,2
1829,114,533,-30.115868,-51.211964,110,96,14,14
1830,114,534,-30.115868,-51.211964,110,102,8,8
1831,114,535,-30.075576,-51.19114,94,131,-37,37
1832,114,536,-30.075576,-51.19114,81,150,-69,69
1833,114,537,-30.075576,-51.19114,72,140,-68,68
1834,114,538,-30.075576,-51.19114,70,125,-55,55
1835,114,539,-30.075576,-51.19114,85,133,-48,48
1836,114,540,-30.075576,-51.19114,74,138,-64,64
1837,114,541,-30.075576,-51.19114,61,158,-97,97
1838,114,542,-30.075576,-51.19114,67,154,-87,87
1839,114,543,-30.0674554,-51.2106113,94,137,-43,43
1840,114,544,-30.1160443,-51.2100623,99,138,-39,39
1841,114,545,-30.094801,-51.221487,119,160,-41,41
1842,114,546,-30.088069,-51.237822,82,171,-89,89
1843,114,547,-30.074483,-51.230457,78,142,-64,64
1844,114,548,-30.115868,-51.211964,105,116,-11,11
1845,114,549,-30.0674554,-51.2106113,72,112,-40,40
1846,114,550,-30.082438,-51.232641,43,142,-99,99
1847,114,551,-30.0671592,-51.2355703,135,176,-41,41
1848,114,554,-30.077454,-51.23069,86,133,-47,47
1849,114,555,-30.0916854,-51.2379555,133,195,-62,62
1850,114,556,-30.090784,-51.181166,93,163,-70,70
1851,114,557,-30.084161,-51.19996,88,173,-85,85
1852,114,558,-30.116874,-51.179495,118,158,-40,40
1853,114,559,-30.078066,-51.242031,101,136,-35,35
1854,114,560,-30.0674554,-51.2106113,64,116,-52,52
1855,114,561,-30.07346,-51.203876,103,143,-40,40
1856,114,562,-30.091955,-51.231206,100,178,-78,78
1857,114,563,-30.094801,-51.221487,127,153,-26,26
1858,114,564,-30.090784,-51.181166,93,158,-65,65
1859,114,565,-30.0674554,-51.2106113,41,85,-44,44
1860,114,566,-30.080628,-51.219548,84,172,-88,88
1861,114,567,-30.0916854,-51.2379555,121,141,-20,20
1862,114,568,-30.090784,-51.181166,91,142,-51,51
1863,114,569,-30.0674554,-51.2106113,55,134,-79,79
1864,114,570,-30.080628,-51.219548,88,175,-87,87
1865,114,571,-30.0674554,-51.2106113,79,139,-60,60
1866,114,572,-30.078066,-51.242031,120,151,-31,31
1867,114,573,-30.094801,-51.221487,137,153,-16,16
1868,114,574,-30.07759,-51.2082,2,32,-30,30
1869,114,578,-30.080628,-51.219548,105,178,-73,73
1870,114,579,-30.07346,-51.203876,84,153,-69,69
1871,114,581,-30.0784928,-51.2089238,100,148,-48,48
1872,114,582,-30.080628,-51.219548,92,202,-110,110
1873,114,583,-30.0824063,-51.208131,108,168,-60,60
1874,114,584,-30.094801,-51.221487,119,181,-62,62
1875,114,585,-30.090784,-51.181166,72,176,-104,104
1876,114,587,-30.075393,-51.202708,63,121,-58,58
1877,158,1,-30.019403,-51.104771,110,181,-71,71
1878,158,2,-30.000099,-51.09244,134,159,-25,25
1879,158,3,-30.018132,-51.109555,135,159,-24,24
1880,158,6,-29.992259,-51.105675,134,153,-19,19
1881,158,7,-29.981973,-51.135223,136,136,0,0
1882,158,8,-30.0326017,-51.1125756,104,174,-70,70
1883,158,9,-30.014693,-51.109971,155,157,-2,2
1884,158,10,-29.9937864,-51.1330931,147,139,8,8
1885,158,11,-29.986296,-51.125487,183,114,69,69
1886,158,13,-30.019403,-51.104771,116,173,-57,57
1887,158,14,-30.0326017,-51.1125756,101,162,-61,61
1888,158,16,-29.981437,-51.133382,162,121,41,41
1889,158,17,-29.992259,-51.105675,142,152,-10,10
1890,158,18,-30.014693,-51.109971,147,154,-7,7
1891,158,20,-29.997135,-51.100084,134,135,-1,1
1892,158,21,-29.986296,-51.125487,167,146,21,21
1893,158,22,-30.000099,-51.09244,138,169,-31,31
1894,158,23,-30.0128593,-51.0978146,118,143,-25,25
1895,158,24,-29.979634,-51.125881,133,104,29,29
1896,158,25,-30.035523,-51.116325,99,153,-54,54
1897,158,26,-30.0326017,-51.1125756,105,178,-73,73
1898,158,34,-29.992259,-51.105675,126,152,-26,26
1899,158,35,-29.979634,-51.125881,139,112,27,27
1900,158,36,-30.014693,-51.109971,149,149,0,0
1901,158,37,-29.986073,-51.127995,146,134,12,12
1902,158,40,-29.986296,-51.125487,149,125,24,24
1903,158,42,-29.992259,-51.105675,144,139,5,5
1904,158,43,-30.0326017,-51.1125756,102,167,-65,65
1905,158,44,-30.036374,-51.107625,103,171,-68,68
1906,158,45,-29.989364,-51.107373,140,131,9,9
1907,158,47,-30.014693,-51.109971,155,144,11,11
1908,158,50,-30.007523,-51.09561,146,145,1,1
1909,158,51,-30.0326017,-51.1125756,110,162,-52,52
1910,158,54,-29.986296,-51.125487,158,139,19,19
1911,158,55,-30.0128593,-51.0978146,136,144,-8,8
1912,158,56,-30.017308,-51.116831,138,161,-23,23
1913,158,57,-29.992259,-51.105675,134,147,-13,13
1914,158,58,-30.019403,-51.104771,103,184,-81,81
1915,158,59,-30.036374,-51.107625,128,164,-36,36
1916,158,64,-30.018132,-51.109555,143,138,5,5
1917,158,66,-29.997135,-51.100084,118,175,-57,57
1918,158,67,-30.0128593,-51.0978146,143,137,6,6
1919,158,68,-30.018132,-51.109555,138,176,-38,38
1920,158,69,-29.9937864,-51.1330931,160,127,33,33
1921,158,71,-29.997135,-51.100084,128,148,-20,20
1922,158,72,-29.979634,-51.125881,131,104,27,27
1923,158,73,-30.000099,-51.09244,164,149,15,15
1924,158,75,-30.018132,-51.109555,138,151,-13,13
1925,158,77,-29.981973,-51.135223,165,134,31,31
1926,158,78,-29.989364,-51.107373,166,114,52,52
1927,158,79,-29.981973,-51.135223,150,137,13,13
1928,158,80,-29.989364,-51.107373,140,119,21,21
1929,158,81,-30.0128593,-51.0978146,138,136,2,2
1930,158,82,-30.014693,-51.109971,147,167,-20,20
1931,158,83,-29.997135,-51.100084,129,133,-4,4
1932,158,84,-30.0326017,-51.1125756,109,185,-76,76
1933,158,85,-29.9937864,-51.1330931,160,117,43,43
1934,158,86,-30.018132,-51.109555,136,134,2,2
1935,158,88,-30.007523,-51.09561,135,171,-36,36
1936,158,90,-30.019403,-51.104771,95,202,-107,107
1937,158,91,-29.986296,-51.125487,163,131,32,32
1938,158,92,-30.035523,-51.116325,110,152,-42,42
1939,158,93,-30.018132,-51.109555,147,154,-7,7
1940,158,96,-29.997135,-51.100084,139,154,-15,15
1941,158,97,-30.017308,-51.116831,125,173,-48,48
1942,158,98,-29.992259,-51.105675,138,161,-23,23
1943,158,99,-30.0326017,-51.1125756,103,161,-58,58
1944,158,101,-30.0128593,-51.0978146,150,141,9,9
1945,158,102,-30.000099,-51.09244,144,145,-1,1
1946,158,106,-29.9937864,-51.1330931,147,148,-1,1
1947,158,107,-29.979634,-51.125881,126,108,18,18
1948,158,110,-30.018132,-51.109555,129,158,-29,29
1949,158,114,-29.981973,-51.135223,164,122,42,42
1950,158,116,-30.018132,-51.109555,134,160,-26,26
1951,158,119,-30.0128593,-51.0978146,131,162,-31,31
1952,158,122,-29.997135,-51.100084,129,163,-34,34
1953,158,125,-29.9937864,-51.1330931,147,142,5,5
1954,158,130,-30.036374,-51.107625,125,160,-35,35
1955,158,132,-29.986296,-51.125487,169,134,35,35
1956,158,134,-30.018132,-51.109555,136,153,-17,17
1957,158,136,-29.979634,-51.125881,121,109,12,12
1958,158,143,-29.997135,-51.100084,120,162,-42,42
1959,158,144,-29.989364,-51.107373,139,127,12,12
1960,158,145,-30.0128593,-51.0978146,141,138,3,3
1961,158,147,-30.018132,-51.109555,125,151,-26,26
1962,158,148,-30.035523,-51.116325,102,159,-57,57
1963,158,151,-29.979634,-51.125881,135,117,18,18
1964,158,153,-29.986073,-51.127995,143,138,5,5
1965,158,154,-29.9937864,-51.1330931,143,123,20,20
1966,158,158,-30.018132,-51.109555,120,158,-38,38
1967,158,160,-29.981973,-51.135223,153,129,24,24
1968,158,161,-29.997135,-51.100084,145,142,3,3
1969,158,168,-29.981437,-51.133382,159,120,39,39
1970,158,170,-30.0128593,-51.0978146,140,137,3,3
1971,158,171,-29.979634,-51.125881,129,117,12,12
1972,158,173,-29.986296,-51.125487,136,160,-24,24
1973,158,175,-30.018132,-51.109555,112,160,-48,48
1974,158,179,-29.9937864,-51.1330931,152,140,12,12
1975,158,181,-29.997135,-51.100084,116,151,-35,35
1976,158,183,-29.989364,-51.107373,120,136,-16,16
1977,158,187,-30.018132,-51.109555,142,155,-13,13
1978,158,190,-30.0128593,-51.0978146,130,142,-12,12
1979,158,197,-29.997135,-51.100084,129,146,-17,17
1980,158,200,-30.035523,-51.116325,101,153,-52,52
1981,158,202,-30.036374,-51.107625,93,189,-96,96
1982,158,204,-29.986073,-51.127995,170,123,47,47
1983,158,205,-29.981973,-51.135223,145,132,13,13
1984,158,206,-29.9937864,-51.1330931,151,122,29,29
1985,158,209,-30.000099,-51.09244,137,159,-22,22
1986,158,211,-29.997135,-51.100084,114,172,-58,58
1987,158,213,-30.0128593,-51.0978146,137,135,2,2
1988,158,220,-29.989364,-51.107373,142,130,12,12
1989,158,224,-29.997135,-51.100084,122,147,-25,25
1990,158,225,-29.9937864,-51.1330931,141,134,7,7
1991,158,233,-29.986073,-51.127995,171,124,47,47
1992,158,235,-30.0128593,-51.0978146,139,154,-15,15
1993,158,239,-29.986296,-51.125487,140,134,6,6
1994,158,240,-30.000634,-51.102572,129,160,-31,31
1995,158,243,-29.981973,-51.135223,125,150,-25,25
1996,158,247,-29.9937864,-51.1330931,143,137,6,6
1997,158,254,-30.017308,-51.116831,141,161,-20,20
1998,158,255,-30.0128593,-51.0978146,142,133,9,9
1999,158,259,-30.036374,-51.107625,105,176,-71,71
2000,158,262,-29.986073,-51.127995,151,131,20,20
2001,158,265,-30.035523,-51.116325,96,158,-62,62
2002,158,266,-29.989364,-51.107373,132,129,3,3
2003,158,268,-30.000634,-51.102572,115,164,-49,49
2004,158,273,-30.017308,-51.116831,150,133,17,17
2005,158,278,-29.979634,-51.125881,155,102,53,53
2006,158,281,-30.0128593,-51.0978146,147,145,2,2
2007,158,284,-30.017308,-51.116831,127,178,-51,51
2008,158,285,-29.986296,-51.125487,131,156,-25,25
2009,158,291,-30.000634,-51.102572,115,170,-55,55
2010,158,292,-30.017308,-51.116831,137,159,-22,22
2011,158,294,-29.981973,-51.135223,141,131,10,10
2012,158,297,-30.000099,-51.09244,156,137,19,19
2013,158,298,-29.986073,-51.127995,174,137,37,37
2014,158,299,-29.981437,-51.133382,155,136,19,19
2015,158,301,-30.0128593,-51.0978146,121,153,-32,32
2016,158,305,-30.017308,-51.116831,142,150,-8,8
2017,158,307,-30.000634,-51.102572,124,164,-40,40
2018,158,316,-29.981437,-51.133382,165,134,31,31
2019,158,320,-30.035523,-51.116325,109,152,-43,43
2020,158,321,-30.017308,-51.116831,147,154,-7,7
2021,158,322,-30.0128593,-51.0978146,134,156,-22,22
2022,158,323,-29.989364,-51.107373,152,134,18,18
2023,158,330,-30.036374,-51.107625,110,172,-62,62
2024,158,331,-30.000634,-51.102572,128,151,-23,23
2025,158,334,-30.017308,-51.116831,140,154,-14,14
2026,158,335,-29.981437,-51.133382,165,127,38,38
2027,158,338,-29.981973,-51.135223,169,123,46,46
2028,158,342,-29.986296,-51.125487,176,135,41,41
2029,158,344,-30.000634,-51.102572,141,150,-9,9
2030,158,346,-30.017308,-51.116831,116,179,-63,63
2031,158,351,-30.0128593,-51.0978146,138,175,-37,37
2032,158,356,-29.9937864,-51.1330931,153,166,-13,13
2033,158,357,-29.997135,-51.100084,129,159,-30,30
2034,158,358,-30.000099,-51.09244,140,166,-26,26
2035,158,360,-29.981973,-51.135223,168,145,23,23
2036,158,361,-30.014115,-51.096663,115,139,-24,24
2037,158,362,-30.007523,-51.09561,141,159,-18,18
2038,158,364,-29.989364,-51.107373,148,147,1,1
2039,158,365,-30.014115,-51.096663,114,140,-26,26
2040,158,366,-29.997135,-51.100084,151,159,-8,8
2041,158,367,-29.986296,-51.125487,147,160,-13,13
2042,158,369,-30.014115,-51.096663,95,164,-69,69
2043,158,370,-30.036374,-51.107625,118,169,-51,51
2044,158,371,-29.997135,-51.100084,122,182,-60,60
2045,158,372,-30.014115,-51.096663,110,133,-23,23
2046,158,374,-30.007523,-51.09561,147,159,-12,12
2047,158,377,-29.9937864,-51.1330931,158,148,10,10
2048,158,378,-30.007523,-51.09561,122,172,-50,50
2049,158,379,-30.035523,-51.116325,129,152,-23,23
2050,158,383,-30.014115,-51.096663,105,130,-25,25
2051,158,389,-29.992259,-51.105675,130,167,-37,37
2052,158,390,-30.007523,-51.09561,143,167,-24,24
2053,158,392,-30.015549,-51.099865,128,152,-24,24
2054,158,393,-30.018132,-51.109555,120,185,-65,65
2055,158,394,-30.000099,-51.09244,150,151,-1,1
2056,158,395,-30.014115,-51.096663,103,147,-44,44
2057,158,396,-29.986296,-51.125487,171,141,30,30
2058,158,397,-30.036374,-51.107625,116,186,-70,70
2059,158,399,-30.007523,-51.09561,141,176,-35,35
2060,158,400,-29.981973,-51.135223,162,147,15,15
2061,158,401,-30.018132,-51.109555,149,159,-10,10
2062,158,402,-30.014115,-51.096663,106,141,-35,35
2063,158,403,-29.992259,-51.105675,127,168,-41,41
2064,158,404,-29.989364,-51.107373,149,151,-2,2
2065,158,410,-30.015549,-51.099865,119,156,-37,37
2066,158,411,-30.036374,-51.107625,119,173,-54,54
2067,158,412,-30.017308,-51.116831,146,168,-22,22
2068,158,413,-29.992259,-51.105675,118,154,-36,36
2069,158,414,-30.000099,-51.09244,138,169,-31,31
2070,158,415,-30.007523,-51.09561,151,170,-19,19
2071,158,416,-30.035523,-51.116325,105,179,-74,74
2072,158,417,-30.014115,-51.096663,92,158,-66,66
2073,158,419,-30.035523,-51.116325,123,165,-42,42
2074,158,420,-30.036374,-51.107625,105,186,-81,81
2075,158,421,-30.017308,-51.116831,146,155,-9,9
2076,158,422,-30.015549,-51.099865,124,143,-19,19
2077,158,423,-29.9872898,-51.1360131,120,151,-31,31
2078,158,425,-30.035523,-51.116325,105,180,-75,75
2079,158,428,-30.019403,-51.104771,114,179,-65,65
2080,158,430,-29.9872898,-51.1360131,136,154,-18,18
2081,158,431,-29.992259,-51.105675,145,145,0,0
2082,158,432,-30.000099,-51.09244,148,157,-9,9
2083,158,434,-29.992259,-51.105675,130,162,-32,32
2084,158,435,-30.019403,-51.104771,114,161,-47,47
2085,158,437,-30.000099,-51.09244,140,153,-13,13
2086,158,439,-30.019403,-51.104771,91,186,-95,95
2087,158,440,-30.019403,-51.104771,104,189,-85,85
2088,158,441,-30.000099,-51.09244,146,169,-23,23
2089,158,442,-29.989364,-51.107373,143,152,-9,9
2090,158,443,-30.019403,-51.104771,119,172,-53,53
2091,158,445,-29.986296,-51.125487,171,147,24,24
2092,158,446,-30.000099,-51.09244,122,176,-54,54
2093,158,447,-29.9937864,-51.1330931,144,137,7,7
2094,158,449,-30.036374,-51.107625,113,165,-52,52
2095,158,450,-29.981973,-51.135223,165,151,14,14
2096,158,452,-30.019403,-51.104771,94,182,-88,88
2097,158,453,-29.9937864,-51.1330931,160,135,25,25
2098,158,454,-30.015549,-51.099865,121,156,-35,35
2099,158,456,-29.9872898,-51.1360131,119,147,-28,28
2100,158,459,-30.007523,-51.09561,136,161,-25,25
2101,158,460,-30.017308,-51.116831,145,151,-6,6
2102,158,461,-30.000099,-51.09244,106,156,-50,50
2103,158,462,-30.014693,-51.109971,143,160,-17,17
2104,158,463,-29.986073,-51.127995,158,146,12,12
2105,158,465,-29.989364,-51.107373,147,130,17,17
2106,158,468,-30.035523,-51.116325,120,150,-30,30
2107,158,469,-29.992259,-51.105675,124,163,-39,39
2108,158,470,-30.000634,-51.102572,140,150,-10,10
2109,158,472,-30.036374,-51.107625,120,163,-43,43
2110,158,473,-30.019403,-51.104771,90,188,-98,98
2111,158,474,-30.017308,-51.116831,139,171,-32,32
2112,158,475,-30.0128593,-51.0978146,138,162,-24,24
2113,158,477,-30.000099,-51.09244,135,169,-34,34
2114,158,478,-30.0326017,-51.1125756,100,164,-64,64
2115,158,480,-30.007523,-51.09561,134,157,-23,23
2116,158,481,-30.0326017,-51.1125756,101,172,-71,71
2117,158,483,-30.019403,-51.104771,107,192,-85,85
2118,158,484,-30.0128593,-51.0978146,123,175,-52,52
2119,158,486,-30.036374,-51.107625,107,169,-62,62
2120,158,487,-30.014693,-51.109971,145,164,-19,19
2121,158,488,-30.018132,-51.109555,122,173,-51,51
2122,158,489,-30.017308,-51.116831,125,186,-61,61
2123,158,490,-29.981437,-51.133382,180,131,49,49
2124,158,492,-30.000099,-51.09244,133,160,-27,27
2125,158,493,-29.992259,-51.105675,142,149,-7,7
2126,158,495,-30.015549,-51.099865,109,148,-39,39
2127,158,496,-29.989364,-51.107373,134,151,-17,17
2128,158,497,-29.986296,-51.125487,162,129,33,33
2129,158,498,-30.0326017,-51.1125756,89,162,-73,73
2130,158,499,-30.036374,-51.107625,111,173,-62,62
2131,158,500,-30.019403,-51.104771,99,175,-76,76
2132,158,501,-30.007523,-51.09561,140,165,-25,25
2133,158,502,-30.018132,-51.109555,118,161,-43,43
2134,158,503,-30.017308,-51.116831,135,165,-30,30
2135,158,504,-30.000099,-51.09244,117,173,-56,56
2136,158,505,-29.992259,-51.105675,113,162,-49,49
2137,158,506,-30.0128593,-51.0978146,138,167,-29,29
2138,158,507,-30.000634,-51.102572,117,169,-52,52
2139,158,508,-30.0326017,-51.1125756,93,168,-75,75
2140,158,509,-30.036374,-51.107625,106,173,-67,67
2141,158,510,-30.017308,-51.116831,123,171,-48,48
2142,158,511,-29.9872898,-51.1360131,126,134,-8,8
2143,158,512,-30.014693,-51.109971,124,183,-59,59
2144,158,513,-29.989364,-51.107373,125,160,-35,35
2145,158,514,-30.018132,-51.109555,111,171,-60,60
2146,158,515,-30.0326017,-51.1125756,81,174,-93,93
2147,158,516,-29.986296,-51.125487,132,170,-38,38
2148,158,517,-29.989364,-51.107373,137,145,-8,8
2149,158,518,-30.015549,-51.099865,97,161,-64,64
2150,158,519,-30.007523,-51.09561,136,178,-42,42
2151,158,520,-30.018132,-51.109555,118,159,-41,41
2152,158,521,-30.014693,-51.109971,140,156,-16,16
2153,158,522,-29.997135,-51.100084,119,159,-40,40
2154,158,523,-30.018132,-51.109555,112,173,-61,61
2155,158,524,-30.035523,-51.116325,111,157,-46,46
2156,158,525,-30.036374,-51.107625,121,169,-48,48
2157,158,526,-30.017308,-51.116831,150,164,-14,14
2158,158,527,-29.9937864,-51.1330931,134,145,-11,11
2159,158,528,-30.018132,-51.109555,97,184,-87,87
2160,158,529,-29.997135,-51.100084,124,153,-29,29
2161,158,530,-30.0128593,-51.0978146,131,169,-38,38
2162,158,531,-30.019403,-51.104771,62,206,-144,144
2163,158,532,-30.018132,-51.109555,118,183,-65,65
2164,158,533,-30.023593,-51.096074,89,214,-125,125
2165,158,534,-29.992259,-51.105675,110,154,-44,44
2166,158,535,-30.014693,-51.109971,146,149,-3,3
2167,158,536,-30.0326017,-51.1125756,86,165,-79,79
2168,158,537,-30.036374,-51.107625,86,191,-105,105
2169,158,538,-30.035523,-51.116325,85,190,-105,105
2170,158,539,-30.018132,-51.109555,105,195,-90,90
2171,158,540,-30.023593,-51.096074,101,199,-98,98
2172,158,541,-30.0326017,-51.1125756,92,174,-82,82
2173,158,542,-30.023593,-51.096074,100,220,-120,120
2174,158,543,-30.018132,-51.109555,97,226,-129,129
2175,159,3,-30.0479596,-51.135743,128,160,-32,32
2176,159,6,-30.0669706,-51.1738425,64,137,-73,73
2177,159,7,-30.113088,-51.101,122,160,-38,38
2178,159,8,-30.111538,-51.112218,100,145,-45,45
2179,159,10,-30.076692,-51.123263,101,160,-59,59
2180,159,11,-30.039357,-51.1233579,130,159,-29,29
2181,159,12,-30.0970385,-51.1328209,150,147,3,3
2182,159,14,-30.064038,-51.174462,119,145,-26,26
2183,159,15,-30.113088,-51.101,125,161,-36,36
2184,159,16,-30.0970385,-51.1328209,95,163,-68,68
2185,159,17,-30.064038,-51.174462,110,156,-46,46
2186,159,18,-30.065171,-51.168156,117,170,-53,53
2187,159,19,-30.0615595,-51.1729421,104,153,-49,49
2188,159,20,-30.076692,-51.123263,97,179,-82,82
2189,159,21,-30.123395,-51.098141,112,154,-42,42
2190,159,22,-30.0970385,-51.1328209,118,167,-49,49
2191,159,23,-30.111538,-51.112218,106,162,-56,56
2192,159,24,-30.0847371,-51.1355639,129,137,-8,8
2193,159,25,-30.056522,-51.17288,88,103,-15,15
2194,159,27,-30.0615595,-51.1729421,114,153,-39,39
2195,159,29,-30.065171,-51.168156,126,159,-33,33
2196,159,30,-30.111538,-51.112218,108,173,-65,65
2197,159,31,-30.056522,-51.17288,104,99,5,5
2198,159,32,-30.0615595,-51.1729421,104,165,-61,61
2199,159,33,-30.056522,-51.17288,86,100,-14,14
2200,159,34,-30.0669706,-51.1738425,70,108,-38,38
2201,159,38,-30.0479596,-51.135743,128,174,-46,46
2202,159,39,-30.068877,-51.143805,96,170,-74,74
2203,159,42,-30.076692,-51.123263,128,149,-21,21
2204,159,44,-30.0615595,-51.1729421,111,147,-36,36
2205,159,45,-30.067055,-51.1621114,96,166,-70,70
2206,159,46,-30.056522,-51.17288,81,93,-12,12
2207,159,48,-30.065617,-51.16806,97,177,-80,80
2208,159,49,-30.068877,-51.143805,109,143,-34,34
2209,159,50,-30.065171,-51.168156,97,157,-60,60
2210,159,51,-30.0479596,-51.135743,123,164,-41,41
2211,159,52,-30.124749,-51.1045768,117,149,-32,32
2212,159,53,-30.0970385,-51.1328209,123,162,-39,39
2213,159,56,-30.039357,-51.1233579,128,158,-30,30
2214,159,57,-30.056522,-51.17288,87,108,-21,21
2215,159,58,-30.056522,-51.17288,96,96,0,0
2216,159,60,-30.0615595,-51.1729421,109,152,-43,43
2217,159,61,-30.111538,-51.112218,104,164,-60,60
2218,159,62,-30.039357,-51.1233579,109,171,-62,62
2219,159,65,-30.124749,-51.1045768,147,157,-10,10
2220,159,66,-30.065617,-51.16806,95,169,-74,74
2221,159,68,-30.0970385,-51.1328209,112,168,-56,56
2222,159,69,-30.056522,-51.17288,79,104,-25,25
2223,159,70,-30.065171,-51.168156,91,170,-79,79
2224,159,73,-30.0615595,-51.1729421,113,152,-39,39
2225,159,75,-30.056522,-51.17288,78,108,-30,30
2226,159,77,-30.0615595,-51.1729421,109,135,-26,26
2227,159,79,-30.124749,-51.1045768,131,161,-30,30
2228,159,80,-30.065617,-51.16806,107,185,-78,78
2229,159,81,-30.039357,-51.1233579,135,149,-14,14
2230,159,82,-30.111538,-51.112218,95,176,-81,81
2231,159,83,-30.0615595,-51.1729421,137,151,-14,14
2232,159,85,-30.076692,-51.123263,108,172,-64,64
2233,159,86,-30.056522,-51.17288,78,114,-36,36
2234,159,87,-30.056522,-51.17288,94,94,0,0
2235,159,88,-30.056522,-51.17288,85,108,-23,23
2236,159,89,-30.124749,-51.1045768,119,172,-53,53
2237,159,90,-30.076692,-51.123263,96,158,-62,62
2238,159,92,-30.067055,-51.1621114,93,164,-71,71
2239,159,93,-30.065617,-51.16806,105,186,-81,81
2240,159,98,-30.0479596,-51.135743,130,154,-24,24
2241,159,100,-30.123395,-51.098141,112,168,-56,56
2242,159,102,-30.0970385,-51.1328209,113,153,-40,40
2243,159,103,-30.056522,-51.17288,85,98,-13,13
2244,159,105,-30.056522,-51.17288,77,110,-33,33
2245,159,106,-30.0615595,-51.1729421,77,107,-30,30
2246,159,107,-30.039357,-51.1233579,123,159,-36,36
2247,159,108,-30.0970385,-51.1328209,111,171,-60,60
2248,159,109,-30.111538,-51.112218,101,155,-54,54
2249,159,110,-30.068877,-51.143805,100,135,-35,35
2250,159,111,-30.0847371,-51.1355639,113,143,-30,30
2251,159,113,-30.065171,-51.168156,97,163,-66,66
2252,159,115,-30.124749,-51.1045768,102,166,-64,64
2253,159,116,-30.065617,-51.16806,120,171,-51,51
2254,159,117,-30.0615595,-51.1729421,100,171,-71,71
2255,159,118,-30.056522,-51.17288,97,103,-6,6
2256,159,120,-30.076692,-51.123263,123,146,-23,23
2257,159,121,-30.056522,-51.17288,73,95,-22,22
2258,159,123,-30.064038,-51.174462,136,133,3,3
2259,159,124,-30.0615595,-51.1729421,107,160,-53,53
2260,159,125,-30.0615595,-51.1729421,107,163,-56,56
2261,159,126,-30.0720385,-51.1784095,104,177,-73,73
2262,159,127,-30.0761078,-51.1637194,83,213,-130,130
2263,159,128,-30.056522,-51.17288,66,113,-47,47
2264,159,130,-30.065617,-51.16806,113,170,-57,57
2265,159,133,-30.111538,-51.112218,101,167,-66,66
2266,159,135,-30.124749,-51.1045768,109,158,-49,49
2267,159,136,-30.0479596,-51.135743,123,145,-22,22
2268,159,137,-30.067055,-51.1621114,95,159,-64,64
2269,159,138,-30.0847371,-51.1355639,100,145,-45,45
2270,159,139,-30.056522,-51.17288,95,101,-6,6
2271,159,140,-30.065617,-51.16806,97,197,-100,100
2272,159,141,-30.039357,-51.1233579,111,159,-48,48
2273,159,143,-30.124749,-51.1045768,106,181,-75,75
2274,159,145,-30.076692,-51.123263,128,143,-15,15
2275,159,147,-30.0970385,-51.1328209,132,152,-20,20
2276,159,148,-30.056522,-51.17288,72,121,-49,49
2277,159,149,-30.0479596,-51.135743,127,169,-42,42
2278,159,150,-30.056522,-51.17288,72,111,-39,39
2279,159,151,-30.056522,-51.17288,73,109,-36,36
2280,159,152,-30.123395,-51.098141,118,166,-48,48
2281,159,153,-30.0720385,-51.1784095,106,180,-74,74
2282,159,154,-30.068877,-51.143805,111,152,-41,41
2283,159,158,-30.056522,-51.17288,76,112,-36,36
2284,159,160,-30.111538,-51.112218,102,157,-55,55
2285,159,161,-30.065617,-51.16806,111,167,-56,56
2286,159,162,-30.076692,-51.123263,102,158,-56,56
2287,159,164,-30.068877,-51.143805,103,160,-57,57
2288,159,165,-30.124749,-51.1045768,128,157,-29,29
2289,159,166,-30.056522,-51.17288,95,92,3,3
2290,159,169,-30.0615595,-51.1729421,120,129,-9,9
2291,159,170,-30.056522,-51.17288,76,100,-24,24
2292,159,173,-30.0761078,-51.1637194,102,182,-80,80
2293,159,175,-30.065171,-51.168156,96,155,-59,59
2294,159,176,-30.076692,-51.123263,99,146,-47,47
2295,159,177,-30.0479596,-51.135743,116,170,-54,54
2296,159,178,-30.0669706,-51.1738425,64,117,-53,53
2297,159,180,-30.09811,-51.12613,114,161,-47,47
2298,159,182,-30.056522,-51.17288,77,104,-27,27
2299,159,183,-30.111538,-51.112218,115,154,-39,39
2300,159,184,-30.056522,-51.17288,73,109,-36,36
2301,159,185,-30.076692,-51.123263,107,167,-60,60
2302,159,186,-30.065617,-51.16806,110,173,-63,63
2303,159,188,-30.039357,-51.1233579,105,190,-85,85
2304,159,189,-30.0720385,-51.1784095,106,185,-79,79
2305,159,190,-30.056522,-51.17288,75,115,-40,40
2306,159,192,-30.09811,-51.12613,139,145,-6,6
2307,159,195,-30.067055,-51.1621114,104,158,-54,54
2308,159,196,-30.124749,-51.1045768,129,162,-33,33
2309,159,197,-30.039357,-51.1233579,115,177,-62,62
2310,159,198,-30.113088,-51.101,109,165,-56,56
2311,159,199,-30.0615595,-51.1729421,91,135,-44,44
2312,159,200,-30.123395,-51.098141,102,169,-67,67
2313,159,201,-30.09811,-51.12613,118,158,-40,40
2314,159,202,-30.056522,-51.17288,92,97,-5,5
2315,159,206,-30.0720385,-51.1784095,102,171,-69,69
2316,159,207,-30.068877,-51.143805,93,152,-59,59
2317,159,209,-30.064038,-51.174462,114,138,-24,24
2318,159,210,-30.111538,-51.112218,102,163,-61,61
2319,159,211,-30.0761078,-51.1637194,95,183,-88,88
2320,159,212,-30.0479596,-51.135743,116,172,-56,56
2321,159,214,-30.076692,-51.123263,127,139,-12,12
2322,159,215,-30.067055,-51.1621114,89,184,-95,95
2323,159,216,-30.064038,-51.174462,103,167,-64,64
2324,159,218,-30.057231,-51.174602,106,137,-31,31
2325,159,219,-30.065171,-51.168156,108,165,-57,57
2326,159,221,-30.039357,-51.1233579,107,161,-54,54
2327,159,222,-30.056522,-51.17288,71,103,-32,32
2328,159,226,-30.076692,-51.123263,96,163,-67,67
2329,159,227,-30.057231,-51.174602,86,145,-59,59
2330,159,229,-30.09811,-51.12613,117,153,-36,36
2331,159,235,-30.111538,-51.112218,117,170,-53,53
2332,159,242,-30.0615595,-51.1729421,109,140,-31,31
2333,159,245,-30.056522,-51.17288,84,100,-16,16
2334,159,254,-30.067055,-51.1621114,93,195,-102,102
2335,159,255,-30.0669706,-51.1738425,71,115,-44,44
2336,159,256,-30.039357,-51.1233579,113,157,-44,44
2337,159,260,-30.056522,-51.17288,67,110,-43,43
2338,159,262,-30.065171,-51.168156,93,186,-93,93
2339,159,267,-30.0847371,-51.1355639,99,137,-38,38
2340,159,278,-30.065171,-51.168156,114,174,-60,60
2341,159,283,-30.0847371,-51.1355639,110,142,-32,32
2342,159,284,-30.076692,-51.123263,93,176,-83,83
2343,159,285,-30.0615595,-51.1729421,98,153,-55,55
2344,159,286,-30.039357,-51.1233579,113,171,-58,58
2345,159,287,-30.056522,-51.17288,85,97,-12,12
2346,159,295,-30.068877,-51.143805,119,154,-35,35
2347,159,303,-30.0847371,-51.1355639,127,137,-10,10
2348,159,309,-30.064038,-51.174462,126,150,-24,24
2349,159,315,-30.067055,-51.1621114,94,183,-89,89
2350,159,316,-30.056522,-51.17288,73,111,-38,38
2351,159,317,-30.068877,-51.143805,103,158,-55,55
2352,159,323,-30.076692,-51.123263,132,149,-17,17
2353,159,324,-30.039357,-51.1233579,105,159,-54,54
2354,159,327,-30.065171,-51.168156,110,170,-60,60
2355,159,332,-30.0847371,-51.1355639,106,154,-48,48
2356,159,333,-30.0669706,-51.1738425,84,121,-37,37
2357,159,335,-30.056522,-51.17288,75,95,-20,20
2358,159,336,-30.0615595,-51.1729421,115,143,-28,28
2359,159,354,-30.111538,-51.112218,142,141,1,1
2360,159,355,-30.0615595,-51.1729421,133,140,-7,7
2361,159,356,-30.065171,-51.168156,103,184,-81,81
2362,159,359,-30.0669706,-51.1738425,86,113,-27,27
2363,159,360,-30.064038,-51.174462,132,143,-11,11
2364,159,361,-30.0479596,-51.135743,137,153,-16,16
2365,159,363,-30.0615595,-51.1729421,112,164,-52,52
2366,159,364,-30.0615595,-51.1729421,102,163,-61,61
2367,159,366,-30.111538,-51.112218,112,177,-65,65
2368,159,370,-30.064038,-51.174462,127,156,-29,29
2369,159,371,-30.0847371,-51.1355639,127,142,-15,15
2370,159,372,-30.0970385,-51.1328209,92,169,-77,77
2371,159,373,-30.0479596,-51.135743,130,181,-51,51
2372,159,376,-30.0615595,-51.1729421,112,157,-45,45
2373,159,377,-30.039357,-51.1233579,124,165,-41,41
2374,159,379,-30.0669706,-51.1738425,76,122,-46,46
2375,159,380,-30.065171,-51.168156,103,181,-78,78
2376,159,382,-30.113088,-51.101,116,174,-58,58
2377,159,383,-30.113088,-51.101,121,175,-54,54
2378,159,384,-30.113088,-51.101,112,164,-52,52
2379,159,385,-30.113088,-51.101,118,175,-57,57
2380,159,386,-30.113088,-51.101,116,167,-51,51
2381,159,387,-30.113088,-51.101,102,183,-81,81
2382,159,388,-30.123395,-51.098141,104,149,-45,45
2383,159,389,-30.123395,-51.098141,101,168,-67,67
2384,159,390,-30.123395,-51.098141,94,152,-58,58
2385,159,391,-30.0669706,-51.1738425,80,126,-46,46
2386,159,392,-30.0669706,-51.1738425,78,139,-61,61
2387,159,393,-30.065171,-51.168156,109,197,-88,88
2388,159,395,-30.0615595,-51.1729421,83,179,-96,96
2389,159,397,-30.0615595,-51.1729421,134,157,-23,23
2390,159,398,-30.0669706,-51.1738425,72,124,-52,52
2391,159,399,-30.064038,-51.174462,129,172,-43,43
2392,159,400,-30.0970385,-51.1328209,104,183,-79,79
2393,159,402,-30.111538,-51.112218,118,164,-46,46
2394,159,404,-30.0970385,-51.1328209,109,158,-49,49
2395,159,405,-30.067055,-51.1621114,108,185,-77,77
2396,159,406,-30.0669706,-51.1738425,77,126,-49,49
2397,159,409,-30.123395,-51.098141,109,186,-77,77
2398,159,410,-30.111538,-51.112218,129,166,-37,37
2399,159,411,-30.113088,-51.101,139,170,-31,31
2400,159,415,-30.065171,-51.168156,107,179,-72,72
2401,159,416,-30.0669706,-51.1738425,87,135,-48,48
2402,159,459,-30.056522,-51.17288,88,162,-74,74
2403,159,461,-30.09811,-51.12613,115,144,-29,29
2404,159,462,-30.056522,-51.17288,148,213,-65,65
2405,159,463,-30.065617,-51.16806,102,161,-59,59
2406,159,464,-30.056522,-51.17288,142,201,-59,59
2407,159,465,-30.057231,-51.174602,75,126,-51,51
2408,159,466,-30.0694339,-51.1848994,132,153,-21,21
2409,159,467,-30.0694339,-51.1848994,131,154,-23,23
2410,159,468,-30.057231,-51.174602,105,134,-29,29
2411,159,469,-30.09811,-51.12613,116,158,-42,42
2412,159,470,-30.09811,-51.12613,133,142,-9,9
2413,159,471,-30.113088,-51.101,123,156,-33,33
2414,159,472,-30.067055,-51.1621114,114,171,-57,57
2415,159,473,-30.076692,-51.123263,108,147,-39,39
2416,159,474,-30.113088,-51.101,124,179,-55,55
2417,159,475,-30.123395,-51.098141,112,154,-42,42
2418,159,476,-30.076696,-51.173369,88,188,-100,100
2419,159,477,-30.057231,-51.174602,90,154,-64,64
2420,159,478,-30.0761078,-51.1637194,100,179,-79,79
2421,159,479,-30.057231,-51.174602,84,151,-67,67
2422,159,480,-30.0720385,-51.1784095,103,168,-65,65
2423,159,481,-30.0694339,-51.1848994,121,162,-41,41
2424,159,482,-30.0479596,-51.135743,118,165,-47,47
2425,159,483,-30.09811,-51.12613,116,155,-39,39
2426,159,484,-30.09811,-51.12613,113,160,-47,47
2427,159,486,-30.057231,-51.174602,79,129,-50,50
2428,159,487,-30.0694339,-51.1848994,136,154,-18,18
2429,159,488,-30.0761078,-51.1637194,116,174,-58,58
2430,159,489,-30.09811,-51.12613,116,146,-30,30
2431,159,490,-30.076696,-51.173369,103,192,-89,89
2432,159,491,-30.0479596,-51.135743,117,187,-70,70
2433,159,492,-30.111538,-51.112218,103,164,-61,61
2434,159,493,-30.113088,-51.101,114,178,-64,64
2435,159,494,-30.057231,-51.174602,84,159,-75,75
2436,159,495,-30.076692,-51.123263,108,167,-59,59
2437,159,496,-30.09811,-51.12613,106,161,-55,55
2438,159,497,-30.0694339,-51.1848994,105,189,-84,84
2439,159,502,-30.057231,-51.174602,95,153,-58,58
2440,159,503,-30.0761078,-51.1637194,85,204,-119,119
2441,159,504,-30.076696,-51.173369,98,186,-88,88
2442,159,505,-30.09811,-51.12613,112,156,-44,44
2443,159,506,-30.113088,-51.101,120,157,-37,37
2444,159,507,-30.0694339,-51.1848994,104,188,-84,84
2445,159,508,-30.09811,-51.12613,125,161,-36,36
2446,159,510,-30.057231,-51.174602,106,131,-25,25
2447,159,511,-30.0761078,-51.1637194,81,181,-100,100
2448,159,512,-30.09811,-51.12613,95,142,-47,47
2449,159,513,-30.123395,-51.098141,80,170,-90,90
2450,159,514,-30.0694339,-51.1848994,103,167,-64,64
2451,159,515,-30.076696,-51.173369,91,203,-112,112
2452,159,516,-30.0750663,-51.1345732,105,177,-72,72
2453,159,517,-30.124749,-51.1045768,105,166,-61,61
2454,159,518,-30.039357,-51.1233579,108,194,-86,86
2455,159,524,-30.0694339,-51.1848994,109,171,-62,62
2456,159,525,-30.09811,-51.12613,91,151,-60,60
2457,159,526,-30.0761078,-51.1637194,103,205,-102,102
2458,159,527,-30.0750663,-51.1345732,97,178,-81,81
2459,159,528,-30.076696,-51.173369,78,199,-121,121
2460,159,529,-30.09811,-51.12613,102,202,-100,100
2461,159,530,-30.0970385,-51.1328209,93,184,-91,91
2462,159,531,-30.0694339,-51.1848994,69,141,-72,72
2463,159,532,-30.0479596,-51.135743,113,202,-89,89
2464,159,533,-30.07113,-51.1824781,3,54,-51,51
2465,160,1,-30.097401,-51.230072,150,145,5,5
2466,160,3,-30.110303,-51.253919,128,172,-44,44
2467,160,4,-30.104379,-51.238106,159,130,29,29
2468,160,5,-30.097401,-51.230072,130,144,-14,14
2469,160,6,-30.114714,-51.227042,115,172,-57,57
2470,160,7,-30.131379,-51.239735,172,159,13,13
2471,160,9,-30.108052,-51.249665,146,132,14,14
2472,160,16,-30.110303,-51.253919,121,144,-23,23
2473,160,20,-30.114714,-51.227042,100,162,-62,62
2474,160,21,-30.100376,-51.229972,99,104,-5,5
2475,160,25,-30.109407,-51.252824,166,154,12,12
2476,160,26,-30.11092,-51.226986,118,165,-47,47
2477,160,31,-30.102524,-51.228785,126,123,3,3
2478,160,36,-30.102397,-51.259487,141,127,14,14
2479,160,39,-30.1067,-51.224675,103,110,-7,7
2480,160,44,-30.096126,-51.243342,110,124,-14,14
2481,160,45,-30.096126,-51.243342,98,149,-51,51
2482,160,47,-30.112425,-51.256431,136,143,-7,7
2483,160,49,-30.101147,-51.245378,127,105,22,22
2484,160,57,-30.11084,-51.235029,96,174,-78,78
2485,160,61,-30.110082,-51.257619,178,111,67,67
2486,160,68,-30.111063,-51.231367,132,158,-26,26
2487,160,72,-30.125846,-51.238614,163,125,38,38
2488,160,75,-30.111015,-51.248024,121,159,-38,38
2489,160,80,-30.11084,-51.235029,121,183,-62,62
2490,160,82,-30.122905,-51.250105,174,118,56,56
2491,160,101,-30.109407,-51.252824,139,141,-2,2
2492,160,102,-30.111015,-51.248024,134,163,-29,29
2493,160,103,-30.097401,-51.230072,133,162,-29,29
2494,160,105,-30.104379,-51.238106,150,149,1,1
2495,160,109,-30.108052,-51.249665,132,148,-16,16
2496,160,111,-30.110303,-51.253919,124,173,-49,49
2497,160,115,-30.102397,-51.259487,150,133,17,17
2498,160,117,-30.101147,-51.245378,113,127,-14,14
2499,160,120,-30.096126,-51.243342,105,122,-17,17
2500,160,140,-30.1067,-51.224675,122,99,23,23
2501,160,141,-30.096126,-51.243342,101,121,-20,20
2502,160,146,-30.122415,-51.217912,137,133,4,4
2503,160,148,-30.097401,-51.230072,143,135,8,8
2504,160,150,-30.11092,-51.226986,130,152,-22,22
2505,160,151,-30.097401,-51.230072,132,155,-23,23
2506,160,153,-30.102524,-51.228785,112,126,-14,14
2507,160,156,-30.111015,-51.248024,140,149,-9,9
2508,160,157,-30.104379,-51.238106,136,150,-14,14
2509,160,160,-30.102397,-51.259487,153,134,19,19
2510,160,168,-30.109407,-51.252824,135,151,-16,16
2511,160,169,-30.112425,-51.256431,144,136,8,8
2512,160,170,-30.122415,-51.217912,132,145,-13,13
2513,160,172,-30.114714,-51.227042,127,169,-42,42
2514,160,173,-30.108052,-51.249665,133,151,-18,18
2515,160,175,-30.110303,-51.253919,126,151,-25,25
2516,160,182,-30.101147,-51.245378,129,117,12,12
2517,160,183,-30.096126,-51.243342,114,126,-12,12
2518,160,184,-30.100376,-51.229972,98,101,-3,3
2519,160,196,-30.097401,-51.230072,142,155,-13,13
2520,160,200,-30.104379,-51.238106,138,151,-13,13
2521,160,209,-30.111015,-51.248024,161,132,29,29
2522,160,215,-30.122415,-51.217912,139,133,6,6
2523,160,219,-30.096126,-51.243342,114,122,-8,8
2524,160,221,-30.102397,-51.259487,171,101,70,70
2525,160,230,-30.11092,-51.226986,136,144,-8,8
2526,160,231,-30.110303,-51.253919,133,159,-26,26
2527,160,232,-30.108052,-51.249665,136,145,-9,9
2528,160,233,-30.097902,-51.232018,135,158,-23,23
2529,160,235,-30.104146,-51.233324,124,163,-39,39
2530,160,239,-30.109407,-51.252824,137,140,-3,3
2531,160,241,-30.11084,-51.235029,121,153,-32,32
2532,160,243,-30.111063,-51.231367,131,162,-31,31
2533,160,247,-30.114714,-51.227042,126,160,-34,34
2534,160,249,-30.101147,-51.245378,128,125,3,3
2535,160,251,-30.11084,-51.235029,105,160,-55,55
2536,160,253,-30.096126,-51.243342,90,143,-53,53
2537,160,256,-30.1067,-51.224675,108,115,-7,7
2538,160,258,-30.125846,-51.238614,158,140,18,18
2539,160,262,-30.110082,-51.257619,181,104,77,77
2540,160,270,-30.111015,-51.248024,147,133,14,14
2541,160,272,-30.097401,-51.230072,149,140,9,9
2542,160,274,-30.102397,-51.259487,147,136,11,11
2543,160,278,-30.102524,-51.228785,131,123,8,8
2544,160,289,-30.097902,-51.232018,110,171,-61,61
2545,160,294,-30.104146,-51.233324,129,157,-28,28
2546,160,295,-30.096126,-51.243342,108,130,-22,22
2547,160,298,-30.110303,-51.253919,140,143,-3,3
2548,160,308,-30.110303,-51.253919,121,149,-28,28
2549,160,309,-30.122905,-51.250105,151,124,27,27
2550,160,311,-30.114714,-51.227042,120,175,-55,55
2551,160,316,-30.097996,-51.241517,121,142,-21,21
2552,160,318,-30.102397,-51.259487,147,117,30,30
2553,160,319,-30.097902,-51.232018,139,146,-7,7
2554,160,322,-30.101147,-51.245378,131,112,19,19
2555,160,327,-30.108052,-51.249665,133,144,-11,11
2556,160,332,-30.104146,-51.233324,143,148,-5,5
2557,160,333,-30.111015,-51.248024,153,140,13,13
2558,160,338,-30.109407,-51.252824,142,144,-2,2
2559,160,340,-30.11092,-51.226986,146,138,8,8
2560,160,359,-30.097902,-51.232018,119,162,-43,43
2561,160,362,-30.1067,-51.224675,116,126,-10,10
2562,160,366,-30.096126,-51.243342,109,140,-31,31
2563,160,368,-30.110303,-51.253919,155,151,4,4
2564,160,371,-30.102397,-51.259487,185,111,74,74
2565,160,374,-30.097401,-51.230072,157,159,-2,2
2566,160,377,-30.100376,-51.229972,107,108,-1,1
2567,160,378,-30.104146,-51.233324,138,158,-20,20
2568,160,382,-30.097996,-51.241517,134,164,-30,30
2569,160,383,-30.101147,-51.245378,120,137,-17,17
2570,160,384,-30.111015,-51.248024,159,159,0,0
2571,160,389,-30.108052,-51.249665,132,166,-34,34
2572,160,390,-30.109407,-51.252824,151,151,0,0
2573,160,396,-30.102524,-51.228785,132,142,-10,10
2574,160,397,-30.097902,-51.232018,146,179,-33,33
2575,160,398,-30.11084,-51.235029,109,188,-79,79
2576,160,399,-30.114714,-51.227042,147,176,-29,29
2577,160,401,-30.104146,-51.233324,131,187,-56,56
2578,160,402,-30.104379,-51.238106,157,155,2,2
2579,160,403,-30.122415,-51.217912,148,154,-6,6
2580,160,404,-30.109407,-51.252824,166,154,12,12
2581,160,405,-30.102397,-51.259487,145,155,-10,10
2582,160,406,-30.097996,-51.241517,146,156,-10,10
2583,160,407,-30.111015,-51.248024,174,155,19,19
2584,160,408,-30.110303,-51.253919,151,154,-3,3
2585,160,409,-30.111063,-51.231367,127,181,-54,54
2586,160,410,-30.097401,-51.230072,143,159,-16,16
2587,160,412,-30.104146,-51.233324,137,170,-33,33
2588,160,413,-30.110082,-51.257619,199,116,83,83
2589,160,414,-30.097902,-51.232018,132,166,-34,34
2590,160,415,-30.102524,-51.228785,120,167,-47,47
2591,160,416,-30.108052,-51.249665,144,156,-12,12
2592,160,417,-30.097902,-51.232018,139,159,-20,20
2593,160,418,-30.1067,-51.224675,142,122,20,20
2594,160,419,-30.122905,-51.250105,180,130,50,50
2595,160,421,-30.114714,-51.227042,129,159,-30,30
2596,160,422,-30.125846,-51.238614,186,138,48,48
2597,160,423,-30.104379,-51.238106,143,160,-17,17
2598,160,424,-30.096126,-51.243342,120,134,-14,14
2599,160,425,-30.104146,-51.233324,146,164,-18,18
2600,160,426,-30.109407,-51.252824,153,176,-23,23
2601,160,427,-30.101147,-51.245378,122,144,-22,22
2602,160,428,-30.097996,-51.241517,147,149,-2,2
2603,160,429,-30.11092,-51.226986,141,169,-28,28
2604,160,431,-30.110303,-51.253919,111,186,-75,75
2605,160,433,-30.104379,-51.238106,164,156,8,8
2606,160,435,-30.111015,-51.248024,187,133,54,54
2607,160,436,-30.102524,-51.228785,146,141,5,5
2608,160,437,-30.102397,-51.259487,137,150,-13,13
2609,160,438,-30.114714,-51.227042,133,163,-30,30
2610,160,439,-30.100376,-51.229972,105,117,-12,12
2611,160,440,-30.108052,-51.249665,139,158,-19,19
2612,160,442,-30.097996,-51.241517,124,163,-39,39
2613,160,443,-30.112425,-51.256431,147,165,-18,18
2614,160,444,-30.097401,-51.230072,142,160,-18,18
2615,160,445,-30.125846,-51.238614,188,127,61,61
2616,160,446,-30.109934,-51.256062,157,136,21,21
2617,160,448,-30.104146,-51.233324,160,147,13,13
2618,160,450,-30.1067,-51.224675,113,124,-11,11
2619,160,451,-30.102397,-51.259487,162,146,16,16
2620,160,452,-30.111063,-51.231367,125,190,-65,65
2621,160,453,-30.102524,-51.228785,142,142,0,0
2622,160,454,-30.111063,-51.231367,107,178,-71,71
2623,160,455,-30.097401,-51.230072,150,168,-18,18
2624,160,456,-30.108052,-51.249665,140,146,-6,6
2625,160,457,-30.097996,-51.241517,119,157,-38,38
2626,160,459,-30.109934,-51.256062,154,142,12,12
2627,160,460,-30.097996,-51.241517,129,155,-26,26
2628,160,461,-30.104379,-51.238106,124,182,-58,58
2629,160,462,-30.097401,-51.230072,143,155,-12,12
2630,160,463,-30.109407,-51.252824,142,174,-32,32
2631,160,464,-30.111015,-51.248024,142,162,-20,20
2632,160,465,-30.097401,-51.230072,125,169,-44,44
2633,160,466,-30.096126,-51.243342,115,150,-35,35
2634,160,467,-30.122415,-51.217912,127,154,-27,27
2635,160,469,-30.11092,-51.226986,147,175,-28,28
2636,160,470,-30.104379,-51.238106,140,177,-37,37
2637,160,471,-30.109934,-51.256062,131,162,-31,31
2638,160,472,-30.097996,-51.241517,126,170,-44,44
2639,160,473,-30.109934,-51.256062,129,159,-30,30
2640,160,474,-30.104379,-51.238106,147,164,-17,17
2641,160,475,-30.122415,-51.217912,129,183,-54,54
2642,160,476,-30.11092,-51.226986,137,174,-37,37
2643,160,477,-30.101147,-51.245378,100,158,-58,58
2644,160,478,-30.110303,-51.253919,140,154,-14,14
2645,160,479,-30.102397,-51.259487,138,145,-7,7
2646,160,480,-30.095229,-51.245536,102,145,-43,43
2647,160,481,-30.095229,-51.245536,111,145,-34,34
2648,160,482,-30.095229,-51.245536,113,147,-34,34
2649,160,483,-30.095229,-51.245536,117,139,-22,22
2650,160,484,-30.095229,-51.245536,130,120,10,10
2651,160,485,-30.095229,-51.245536,130,128,2,2
2652,160,486,-30.095229,-51.245536,125,126,-1,1
2653,160,487,-30.095229,-51.245536,116,132,-16,16
2654,160,488,-30.095229,-51.245536,126,132,-6,6
2655,160,489,-30.095229,-51.245536,121,145,-24,24
2656,160,490,-30.095229,-51.245536,163,189,-26,26
2657,160,491,-30.095229,-51.245536,142,178,-36,36
2658,160,492,-30.130114,-51.226859,135,161,-26,26
2659,160,493,-30.130114,-51.226859,149,163,-14,14
2660,160,494,-30.130114,-51.226859,154,148,6,6
2661,160,495,-30.130114,-51.226859,157,143,14,14
2662,160,496,-30.130114,-51.226859,157,152,5,5
2663,160,497,-30.143916,-51.206717,149,145,4,4
2664,160,498,-30.143916,-51.206717,140,150,-10,10
2665,160,499,-30.143916,-51.206717,145,143,2,2
2666,160,500,-30.126153,-51.209672,139,158,-19,19
2667,160,501,-30.126153,-51.209672,124,160,-36,36
2668,160,502,-30.126153,-51.209672,131,159,-28,28
2669,160,503,-30.126153,-51.209672,123,169,-46,46
2670,160,504,-30.126153,-51.209672,167,151,16,16
2671,160,505,-30.126153,-51.209672,154,148,6,6
2672,160,506,-30.126153,-51.209672,153,153,0,0
2673,160,507,-30.126153,-51.209672,137,173,-36,36
2674,160,508,-30.126153,-51.209672,150,156,-6,6
2675,160,509,-30.126153,-51.209672,126,161,-35,35
2676,160,510,-30.133775,-51.198529,148,158,-10,10
2677,160,511,-30.133775,-51.198529,123,164,-41,41
2678,160,512,-30.133775,-51.198529,137,145,-8,8
2679,160,513,-30.133775,-51.198529,135,148,-13,13
2680,160,514,-30.133775,-51.198529,139,155,-16,16
2681,160,515,-30.133775,-51.198529,145,165,-20,20
2682,160,516,-30.133775,-51.198529,180,128,52,52
2683,160,517,-30.133775,-51.198529,126,172,-46,46
2684,160,518,-30.129444,-51.21637,103,163,-60,60
2685,160,519,-30.129444,-51.21637,92,173,-81,81
2686,160,520,-30.129444,-51.21637,98,155,-57,57
2687,160,521,-30.129444,-51.21637,110,159,-49,49
2688,160,522,-30.129444,-51.21637,98,164,-66,66
2689,160,523,-30.129444,-51.21637,80,164,-84,84
2690,160,524,-30.129444,-51.21637,91,163,-72,72
2691,160,525,-30.129444,-51.21637,107,179,-72,72
2692,160,526,-30.129444,-51.21637,87,200,-113,113
2693,160,527,-30.129444,-51.21637,93,186,-93,93
2694,160,528,-30.129444,-51.21637,104,162,-58,58
2695,160,529,-30.138355,-51.215552,150,141,9,9
2696,160,530,-30.138355,-51.215552,156,121,35,35
2697,160,531,-30.138355,-51.215552,159,130,29,29
2698,160,532,-30.138355,-51.215552,149,122,27,27
2699,160,533,-30.138355,-51.215552,154,123,31,31
2700,160,534,-30.138355,-51.215552,150,141,9,9
2701,160,535,-30.138355,-51.215552,151,124,27,27
2702,160,536,-30.138355,-51.215552,135,132,3,3
2703,160,537,-30.138355,-51.215552,159,116,43,43
2704,160,538,-30.138355,-51.215552,166,128,38,38
2705,160,539,-30.138355,-51.215552,164,135,29,29
2706,160,540,-30.138355,-51.215552,147,144,3,3
2707,160,541,-30.138355,-51.215552,152,143,9,9
2708,160,542,-30.138355,-51.215552,139,148,-9,9
2709,160,543,-30.137076,-51.22485,137,160,-23,23
2710,160,544,-30.137076,-51.22485,155,147,8,8
2711,160,545,-30.137076,-51.22485,160,154,6,6
2712,160,546,-30.137076,-51.22485,157,141,16,16
2713,160,547,-30.137076,-51.22485,147,146,1,1
2714,160,548,-30.137076,-51.22485,134,161,-27,27
2715,160,549,-30.137076,-51.22485,156,154,2,2
2716,160,550,-30.137076,-51.22485,165,131,34,34
2717,160,551,-30.137076,-51.22485,164,145,19,19
2718,160,552,-30.122415,-51.217912,136,164,-28,28
2719,160,553,-30.122415,-51.217912,155,148,7,7
2720,160,554,-30.122415,-51.217912,130,168,-38,38
2721,160,555,-30.122415,-51.217912,144,127,17,17
2722,160,556,-30.122415,-51.217912,129,158,-29,29
2723,160,557,-30.122415,-51.217912,131,143,-12,12
2724,160,558,-30.122415,-51.217912,119,156,-37,37
2725,160,559,-30.122415,-51.217912,127,150,-23,23
2726,160,560,-30.122415,-51.217912,149,164,-15,15
2727,160,561,-30.122415,-51.217912,136,160,-24,24
2728,160,562,-30.131379,-51.239735,161,165,-4,4
2729,160,563,-30.100376,-51.229972,86,125,-39,39
2730,160,564,-30.110082,-51.257619,164,140,24,24
2731,160,565,-30.11092,-51.226986,145,166,-21,21
2732,160,566,-30.133775,-51.198529,119,186,-67,67
2733,160,567,-30.109407,-51.252824,127,178,-51,51
2734,160,568,-30.114714,-51.227042,107,178,-71,71
2735,160,569,-30.122905,-51.250105,157,158,-1,1
2736,160,570,-30.126153,-51.209672,132,174,-42,42
2737,160,571,-30.110303,-51.253919,96,187,-91,91
2738,160,572,-30.109407,-51.252824,103,216,-113,113
2739,161,1,-30.177389,-51.174079,111,151,-40,40
2740,161,2,-30.15497,-51.085364,109,138,-29,29
2741,161,3,-30.154828,-51.199469,143,151,-8,8
2742,161,4,-30.158256,-51.161325,139,162,-23,23
2743,161,5,-30.156227,-51.221542,136,155,-19,19
2744,161,6,-30.148476,-51.144746,87,177,-90,90
2745,161,7,-30.119105,-51.200684,107,170,-63,63
2746,161,8,-30.146583,-51.221178,122,169,-47,47
2747,161,9,-30.150295,-51.145629,88,146,-58,58
2748,161,10,-30.112573,-51.153205,110,142,-32,32
2749,161,11,-30.158256,-51.161325,148,162,-14,14
2750,161,12,-30.146583,-51.221178,136,148,-12,12
2751,161,13,-30.153255,-51.143085,90,184,-94,94
2752,161,14,-30.164429,-51.2283,127,116,11,11
2753,161,15,-30.1597494,-51.2004321,151,154,-3,3
2754,161,16,-30.151513,-51.137913,119,181,-62,62
2755,161,17,-30.151513,-51.137913,85,175,-90,90
2756,161,18,-30.161391,-51.143667,97,170,-73,73
2757,161,19,-30.161391,-51.143667,88,170,-82,82
2758,161,20,-30.210617,-51.177001,131,154,-23,23
2759,161,21,-30.156637,-51.13599,104,183,-79,79
2760,161,22,-30.164429,-51.2283,108,112,-4,4
2761,161,23,-30.210008,-51.1834548,128,130,-2,2
2762,161,24,-30.220456,-51.09695,154,135,19,19
2763,161,25,-30.150295,-51.145629,75,150,-75,75
2764,161,26,-30.185068,-51.209204,140,143,-3,3
2765,161,27,-30.210617,-51.177001,130,138,-8,8
2766,161,28,-30.1579903,-51.1945386,115,133,-18,18
2767,161,29,-30.151513,-51.137913,106,176,-70,70
2768,161,30,-30.210617,-51.177001,135,143,-8,8
2769,161,31,-30.151051,-51.14395,90,179,-89,89
2770,161,32,-30.158395,-51.139976,123,169,-46,46
2771,161,33,-30.211709,-51.18331,160,141,19,19
2772,161,34,-30.145155,-51.225336,143,152,-9,9
2773,161,35,-30.211709,-51.18331,119,146,-27,27
2774,161,36,-30.164429,-51.2283,117,119,-2,2
2775,161,37,-30.148476,-51.144746,116,177,-61,61
2776,161,38,-30.1579903,-51.1945386,136,112,24,24
2777,161,39,-30.158256,-51.161325,139,163,-24,24
2778,161,40,-30.153685,-51.132046,89,153,-64,64
2779,161,41,-30.154297,-51.182893,130,173,-43,43
2780,161,42,-30.241619,-51.078808,119,137,-18,18
2781,161,43,-30.185068,-51.209204,134,147,-13,13
2782,161,44,-30.148476,-51.144746,113,174,-61,61
2783,161,45,-30.1597494,-51.2004321,151,140,11,11
2784,161,46,-30.153699,-51.147265,111,176,-65,65
2785,161,47,-30.158653,-51.171487,106,199,-93,93
2786,161,48,-30.153685,-51.132046,90,171,-81,81
2787,161,49,-30.148476,-51.144746,107,181,-74,74
2788,161,50,-30.154297,-51.182893,140,160,-20,20
2789,161,51,-30.155977,-51.1374424,62,116,-54,54
2790,161,52,-30.160284,-51.186832,163,190,-27,27
2791,161,53,-30.210008,-51.1834548,116,138,-22,22
2792,161,54,-30.156227,-51.221542,139,138,1,1
2793,161,55,-30.164429,-51.2283,118,123,-5,5
2794,161,56,-30.156227,-51.221542,128,168,-40,40
2795,161,57,-30.241619,-51.078808,106,140,-34,34
2796,161,58,-30.210008,-51.1834548,123,93,30,30
2797,161,59,-30.154828,-51.199469,126,160,-34,34
2798,161,60,-30.154297,-51.182893,143,128,15,15
2799,161,61,-30.210008,-51.1834548,131,126,5,5
2800,161,62,-30.146583,-51.221178,145,130,15,15
2801,161,63,-30.163843,-51.145137,92,155,-63,63
2802,161,64,-30.112573,-51.153205,110,132,-22,22
2803,161,65,-30.151051,-51.14395,99,157,-58,58
2804,161,66,-30.153255,-51.143085,115,178,-63,63
2805,161,67,-30.220456,-51.09695,132,120,12,12
2806,161,68,-30.158395,-51.139976,106,177,-71,71
2807,161,69,-30.185068,-51.209204,157,131,26,26
2808,161,70,-30.153255,-51.143085,83,198,-115,115
2809,161,71,-30.153699,-51.147265,123,186,-63,63
2810,161,72,-30.1836168,-51.1936173,101,150,-49,49
2811,161,73,-30.1597494,-51.2004321,132,163,-31,31
2812,161,74,-30.196713,-51.128155,129,163,-34,34
2813,161,75,-30.156637,-51.13599,88,211,-123,123
2814,161,76,-30.177389,-51.174079,117,135,-18,18
2815,161,77,-30.210617,-51.177001,132,158,-26,26
2816,161,78,-30.15497,-51.085364,96,142,-46,46
2817,161,79,-30.161391,-51.143667,91,182,-91,91
2818,161,80,-30.151051,-51.14395,93,167,-74,74
2819,161,81,-30.158395,-51.139976,118,169,-51,51
2820,161,82,-30.220456,-51.09695,156,148,8,8
2821,161,83,-30.112573,-51.153205,107,138,-31,31
2822,161,84,-30.148476,-51.144746,94,176,-82,82
2823,161,85,-30.161391,-51.143667,102,159,-57,57
2824,161,86,-30.151513,-51.137913,95,171,-76,76
2825,161,87,-30.211709,-51.18331,130,151,-21,21
2826,161,88,-30.118932,-51.160839,128,170,-42,42
2827,161,89,-30.154297,-51.182893,146,178,-32,32
2828,161,90,-30.148476,-51.144746,105,175,-70,70
2829,161,91,-30.153699,-51.147265,111,184,-73,73
2830,161,92,-30.161391,-51.143667,78,165,-87,87
2831,161,93,-30.119105,-51.200684,87,166,-79,79
2832,161,94,-30.153255,-51.143085,78,196,-118,118
2833,161,95,-30.196713,-51.128155,154,135,19,19
2834,161,96,-30.156227,-51.221542,139,122,17,17
2835,161,97,-30.185068,-51.209204,165,126,39,39
2836,161,98,-30.158256,-51.161325,132,174,-42,42
2837,161,99,-30.151513,-51.137913,100,170,-70,70
2838,161,100,-30.211709,-51.18331,132,126,6,6
2839,161,101,-30.153255,-51.143085,123,176,-53,53
2840,161,102,-30.156227,-51.221542,125,162,-37,37
2841,161,103,-30.1597494,-51.2004321,145,155,-10,10
2842,161,104,-30.210617,-51.177001,122,145,-23,23
2843,161,105,-30.154297,-51.182893,150,140,10,10
2844,161,106,-30.154297,-51.182893,143,165,-22,22
2845,161,107,-30.156227,-51.221542,134,153,-19,19
2846,161,108,-30.148476,-51.144746,96,167,-71,71
2847,161,109,-30.158653,-51.171487,116,185,-69,69
2848,161,110,-30.158395,-51.139976,103,162,-59,59
2849,161,111,-30.153699,-51.147265,109,189,-80,80
2850,161,112,-30.158395,-51.139976,97,183,-86,86
2851,161,113,-30.220456,-51.09695,141,137,4,4
2852,161,114,-30.156637,-51.13599,94,177,-83,83
2853,161,115,-30.153685,-51.132046,97,171,-74,74
2854,161,116,-30.150295,-51.145629,74,149,-75,75
2855,161,117,-30.156227,-51.221542,130,153,-23,23
2856,161,118,-30.210008,-51.1834548,136,100,36,36
2857,161,119,-30.212151,-51.132472,129,109,20,20
2858,161,120,-30.183418,-51.162411,110,139,-29,29
2859,161,121,-30.158653,-51.171487,85,171,-86,86
2860,161,122,-30.118932,-51.160839,128,167,-39,39
2861,161,123,-30.1579903,-51.1945386,123,129,-6,6
2862,161,124,-30.209358,-51.1114941,135,131,4,4
2863,161,125,-30.211709,-51.18331,144,130,14,14
2864,161,126,-30.154828,-51.199469,155,163,-8,8
2865,161,127,-30.153255,-51.143085,91,180,-89,89
2866,161,128,-30.156227,-51.221542,127,161,-34,34
2867,161,129,-30.153255,-51.143085,92,214,-122,122
2868,161,130,-30.151513,-51.137913,91,187,-96,96
2869,161,131,-30.151051,-51.14395,86,154,-68,68
2870,161,132,-30.183418,-51.162411,107,130,-23,23
2871,161,133,-30.158653,-51.171487,74,197,-123,123
2872,161,134,-30.1597494,-51.2004321,110,184,-74,74
2873,161,135,-30.145155,-51.225336,158,157,1,1
2874,161,136,-30.177389,-51.174079,108,144,-36,36
2875,161,137,-30.1579903,-51.1945386,102,132,-30,30
2876,161,138,-30.158653,-51.171487,117,169,-52,52
2877,161,139,-30.156637,-51.13599,93,184,-91,91
2878,161,140,-30.15497,-51.085364,105,130,-25,25
2879,161,141,-30.153699,-51.147265,108,197,-89,89
2880,161,142,-30.150295,-51.145629,76,140,-64,64
2881,161,143,-30.112573,-51.153205,104,130,-26,26
2882,161,144,-30.153685,-51.132046,86,168,-82,82
2883,161,145,-30.144522,-51.08423,53,86,-33,33
2884,161,146,-30.160284,-51.186832,175,189,-14,14
2885,161,147,-30.154297,-51.182893,142,159,-17,17
2886,161,148,-30.1579903,-51.1945386,128,124,4,4
2887,161,149,-30.185068,-51.209204,144,141,3,3
2888,161,150,-30.158653,-51.171487,107,196,-89,89
2889,161,151,-30.209358,-51.1114941,130,113,17,17
2890,161,152,-30.158395,-51.139976,91,149,-58,58
2891,161,153,-30.158653,-51.171487,93,180,-87,87
2892,161,154,-30.156227,-51.221542,113,137,-24,24
2893,161,155,-30.160284,-51.186832,161,189,-28,28
2894,161,156,-30.163843,-51.145137,113,150,-37,37
2895,161,157,-30.158256,-51.161325,133,173,-40,40
2896,161,158,-30.148476,-51.144746,93,170,-77,77
2897,161,159,-30.1579903,-51.1945386,126,151,-25,25
2898,161,160,-30.119105,-51.200684,97,155,-58,58
2899,161,161,-30.158653,-51.171487,117,181,-64,64
2900,161,162,-30.145155,-51.225336,153,178,-25,25
2901,161,163,-30.211709,-51.18331,111,141,-30,30
2902,161,164,-30.154297,-51.182893,146,133,13,13
2903,161,165,-30.1434733,-51.1174323,94,164,-70,70
2904,161,166,-30.118932,-51.160839,109,163,-54,54
2905,161,167,-30.177389,-51.174079,86,162,-76,76
2906,161,168,-30.241619,-51.078808,105,145,-40,40
2907,161,169,-30.213958,-51.05049,79,80,-1,1
2908,161,170,-30.160284,-51.186832,171,192,-21,21
2909,161,171,-30.1836168,-51.1936173,61,96,-35,35
2910,161,172,-30.1597494,-51.2004321,122,177,-55,55
2911,161,173,-30.160284,-51.186832,165,179,-14,14
2912,161,174,-30.154297,-51.182893,132,182,-50,50
2913,161,175,-30.212151,-51.132472,41,47,-6,6
2914,161,176,-30.158653,-51.171487,110,193,-83,83
2915,161,177,-30.119105,-51.200684,82,152,-70,70
2916,161,178,-30.158653,-51.171487,102,215,-113,113
2917,161,179,-30.153255,-51.143085,93,182,-89,89
2918,161,180,-30.151513,-51.137913,73,185,-112,112
2919,161,181,-30.1579903,-51.1945386,137,141,-4,4
2920,161,182,-30.210617,-51.177001,136,171,-35,35
2921,161,183,-30.158653,-51.171487,64,213,-149,149
2922,161,184,-30.154297,-51.182893,125,211,-86,86
2923,161,185,-30.220456,-51.09695,129,146,-17,17
2924,161,187,-30.158395,-51.139976,89,154,-65,65
2925,161,195,-30.210617,-51.177001,112,141,-29,29
2926,161,198,-30.146583,-51.221178,123,144,-21,21
2927,161,203,-30.148476,-51.144746,91,184,-93,93
2928,161,211,-30.145155,-51.225336,152,142,10,10
2929,161,213,-30.164429,-51.2283,115,96,19,19
2930,161,220,-30.154828,-51.199469,135,157,-22,22
2931,161,223,-30.210008,-51.1834548,122,122,0,0
2932,161,224,-30.156227,-51.221542,135,125,10,10
2933,161,226,-30.153255,-51.143085,90,168,-78,78
2934,161,227,-30.151513,-51.137913,92,181,-89,89
2935,161,228,-30.211709,-51.18331,151,116,35,35
2936,161,259,-30.145155,-51.225336,167,169,-2,2
2937,161,260,-30.158395,-51.139976,97,174,-77,77
2938,161,275,-30.156227,-51.221542,127,133,-6,6
2939,161,288,-30.210617,-51.177001,129,157,-28,28
2940,161,296,-30.148476,-51.144746,106,163,-57,57
2941,161,301,-30.154297,-51.182893,135,158,-23,23
2942,161,304,-30.151513,-51.137913,85,173,-88,88
2943,161,306,-30.211709,-51.18331,133,129,4,4
2944,161,314,-30.164429,-51.2283,106,129,-23,23
2945,161,315,-30.220456,-51.09695,148,148,0,0
2946,161,317,-30.153255,-51.143085,79,179,-100,100
2947,161,321,-30.146583,-51.221178,156,142,14,14
2948,161,325,-30.145155,-51.225336,171,144,27,27
2949,161,326,-30.210008,-51.1834548,132,107,25,25
2950,161,330,-30.156227,-51.221542,135,135,0,0
2951,161,345,-30.158395,-51.139976,108,156,-48,48
2952,161,351,-30.148476,-51.144746,114,166,-52,52
2953,161,355,-30.151513,-51.137913,83,170,-87,87
2954,161,357,-30.210617,-51.177001,163,139,24,24
2955,161,363,-30.211709,-51.18331,151,136,15,15
2956,161,365,-30.153255,-51.143085,103,179,-76,76
2957,161,373,-30.158395,-51.139976,88,177,-89,89
2958,161,387,-30.156227,-51.221542,151,144,7,7
2959,161,391,-30.112573,-51.153205,124,131,-7,7
2960,161,393,-30.148476,-51.144746,100,189,-89,89
2961,161,394,-30.151513,-51.137913,110,189,-79,79
2962,161,397,-30.145155,-51.225336,189,184,5,5
2963,161,398,-30.153699,-51.147265,134,180,-46,46
2964,161,400,-30.185068,-51.209204,164,148,16,16
2965,161,401,-30.146583,-51.221178,142,156,-14,14
2966,161,402,-30.164429,-51.2283,121,127,-6,6
2967,161,403,-30.1597494,-51.2004321,133,140,-7,7
2968,161,404,-30.210617,-51.177001,160,160,0,0
2969,161,405,-30.210617,-51.177001,156,148,8,8
2970,161,407,-30.153699,-51.147265,125,198,-73,73
2971,161,410,-30.161391,-51.143667,90,191,-101,101
2972,161,412,-30.153699,-51.147265,129,187,-58,58
2973,161,414,-30.241619,-51.078808,135,118,17,17
2974,161,418,-30.151051,-51.14395,92,174,-82,82
2975,161,419,-30.160284,-51.186832,176,181,-5,5
2976,161,420,-30.151051,-51.14395,87,180,-93,93
2977,161,422,-30.161391,-51.143667,92,202,-110,110
2978,161,424,-30.151051,-51.14395,88,181,-93,93
2979,161,425,-30.196713,-51.128155,182,125,57,57
2980,161,426,-30.1597494,-51.2004321,162,135,27,27
2981,161,427,-30.177389,-51.174079,117,137,-20,20
2982,161,429,-30.158395,-51.139976,115,190,-75,75
2983,161,431,-30.185068,-51.209204,158,148,10,10
2984,161,432,-30.153699,-51.147265,123,205,-82,82
2985,161,435,-30.151051,-51.14395,97,187,-90,90
2986,161,436,-30.160284,-51.186832,186,165,21,21
2987,161,437,-30.156637,-51.13599,108,196,-88,88
2988,161,439,-30.153255,-51.143085,95,202,-107,107
2989,161,440,-30.161391,-51.143667,123,173,-50,50
2990,161,442,-30.210617,-51.177001,166,151,15,15
2991,161,444,-30.1597494,-51.2004321,156,145,11,11
2992,161,445,-30.151513,-51.137913,104,185,-81,81
2993,161,446,-30.156227,-51.221542,139,161,-22,22
2994,161,449,-30.220456,-51.09695,171,143,28,28
2995,161,450,-30.151051,-51.14395,98,175,-77,77
2996,161,451,-30.156227,-51.221542,148,144,4,4
2997,161,452,-30.156637,-51.13599,91,184,-93,93
2998,161,455,-30.153699,-51.147265,126,177,-51,51
2999,161,456,-30.164429,-51.2283,125,113,12,12
3000,161,457,-30.210008,-51.1834548,148,109,39,39
3001,161,459,-30.161391,-51.143667,120,183,-63,63
3002,161,460,-30.151051,-51.14395,91,184,-93,93
3003,161,461,-30.153699,-51.147265,119,201,-82,82
3004,161,464,-30.185068,-51.209204,157,141,16,16
3005,161,465,-30.156637,-51.13599,83,184,-101,101
3006,161,468,-30.153699,-51.147265,110,192,-82,82
3007,161,469,-30.1597494,-51.2004321,145,159,-14,14
3008,161,470,-30.112573,-51.153205,115,132,-17,17
3009,161,472,-30.241619,-51.078808,122,116,6,6
3010,161,473,-30.151051,-51.14395,91,176,-85,85
3011,161,475,-30.156637,-51.13599,101,189,-88,88
3012,161,476,-30.153699,-51.147265,117,192,-75,75
3013,161,477,-30.177389,-51.174079,103,148,-45,45
3014,161,478,-30.220456,-51.09695,149,153,-4,4
3015,161,480,-30.211709,-51.18331,141,130,11,11
